8.398000000000000000e+03 1.558823704719543457e+00
8.399000000000000000e+03 1.547951221466064453e+00
8.400000000000000000e+03 1.527194261550903320e+00
8.401000000000000000e+03 1.563399195671081543e+00
8.402000000000000000e+03 1.536716818809509277e+00
8.403000000000000000e+03 1.549715757369995117e+00
8.404000000000000000e+03 1.538048624992370605e+00
8.405000000000000000e+03 1.492678999900817871e+00
8.406000000000000000e+03 1.489108800888061523e+00
8.407000000000000000e+03 1.509368300437927246e+00
8.408000000000000000e+03 1.537143230438232422e+00
8.409000000000000000e+03 1.550853610038757324e+00
8.410000000000000000e+03 1.544787883758544922e+00
8.411000000000000000e+03 1.513658881187438965e+00
8.412000000000000000e+03 1.529801368713378906e+00
8.413000000000000000e+03 1.520812869071960449e+00
8.414000000000000000e+03 1.503409624099731445e+00
8.415000000000000000e+03 1.526667237281799316e+00
8.416000000000000000e+03 1.523252487182617188e+00
8.417000000000000000e+03 1.465945482254028320e+00
8.418000000000000000e+03 1.533199667930603027e+00
8.419000000000000000e+03 1.524685978889465332e+00
8.420000000000000000e+03 1.528951525688171387e+00
8.421000000000000000e+03 1.511134028434753418e+00
8.422000000000000000e+03 1.525059580802917480e+00
8.423000000000000000e+03 1.537917852401733398e+00
8.424000000000000000e+03 1.534639000892639160e+00
8.425000000000000000e+03 1.551981687545776367e+00
8.426000000000000000e+03 1.578051090240478516e+00
8.427000000000000000e+03 1.551231265068054199e+00
8.428000000000000000e+03 1.536319613456726074e+00
8.429000000000000000e+03 1.569271802902221680e+00
8.430000000000000000e+03 1.575824618339538574e+00
8.431000000000000000e+03 1.503341078758239746e+00
8.432000000000000000e+03 1.510877847671508789e+00
8.433000000000000000e+03 1.529619455337524414e+00
8.434000000000000000e+03 1.515803217887878418e+00
8.435000000000000000e+03 1.501039743423461914e+00
8.436000000000000000e+03 1.498155117034912109e+00
8.437000000000000000e+03 1.500157952308654785e+00
8.438000000000000000e+03 1.477336883544921875e+00
8.439000000000000000e+03 1.542703628540039062e+00
8.440000000000000000e+03 1.518824338912963867e+00
8.441000000000000000e+03 1.476841092109680176e+00
8.442000000000000000e+03 1.524122357368469238e+00
8.443000000000000000e+03 1.496204733848571777e+00
8.444000000000000000e+03 1.530883193016052246e+00
8.445000000000000000e+03 1.520410299301147461e+00
8.446000000000000000e+03 1.531968593597412109e+00
8.447000000000000000e+03 1.535599350929260254e+00
8.448000000000000000e+03 1.543172240257263184e+00
8.449000000000000000e+03 1.540942907333374023e+00
8.450000000000000000e+03 1.558344125747680664e+00
8.451000000000000000e+03 1.558076858520507812e+00
8.452000000000000000e+03 1.545336484909057617e+00
8.453000000000000000e+03 1.546000838279724121e+00
8.454000000000000000e+03 1.506722450256347656e+00
8.455000000000000000e+03 1.500782966613769531e+00
8.456000000000000000e+03 1.523829221725463867e+00
8.457000000000000000e+03 1.535393595695495605e+00
8.458000000000000000e+03 1.515515089035034180e+00
8.459000000000000000e+03 1.546899914741516113e+00
8.460000000000000000e+03 1.532625317573547363e+00
8.461000000000000000e+03 1.515535831451416016e+00
8.462000000000000000e+03 1.541492104530334473e+00
8.463000000000000000e+03 1.563678264617919922e+00
8.464000000000000000e+03 1.576327681541442871e+00
8.465000000000000000e+03 1.507317066192626953e+00
8.466000000000000000e+03 1.560382485389709473e+00
8.467000000000000000e+03 1.519052982330322266e+00
8.468000000000000000e+03 1.534324407577514648e+00
8.469000000000000000e+03 1.520867586135864258e+00
8.470000000000000000e+03 1.566913723945617676e+00
8.471000000000000000e+03 1.531156778335571289e+00
8.472000000000000000e+03 1.553154110908508301e+00
8.473000000000000000e+03 1.528361082077026367e+00
8.474000000000000000e+03 1.516906619071960449e+00
8.475000000000000000e+03 1.531811475753784180e+00
8.476000000000000000e+03 1.525199651718139648e+00
8.477000000000000000e+03 1.514241695404052734e+00
8.478000000000000000e+03 1.545491337776184082e+00
8.479000000000000000e+03 1.548574924468994141e+00
8.480000000000000000e+03 1.517161488533020020e+00
8.481000000000000000e+03 1.497480869293212891e+00
8.482000000000000000e+03 1.504737377166748047e+00
8.483000000000000000e+03 1.519665360450744629e+00
8.484000000000000000e+03 1.529217720031738281e+00
8.485000000000000000e+03 1.544784903526306152e+00
8.486000000000000000e+03 1.542640805244445801e+00
8.487000000000000000e+03 1.557830214500427246e+00
8.488000000000000000e+03 1.524907588958740234e+00
8.489000000000000000e+03 1.540005922317504883e+00
8.490000000000000000e+03 1.562698364257812500e+00
8.491000000000000000e+03 1.545640349388122559e+00
8.492000000000000000e+03 1.520514130592346191e+00
8.493000000000000000e+03 1.569498062133789062e+00
8.494000000000000000e+03 1.536093473434448242e+00
8.495000000000000000e+03 1.504716038703918457e+00
8.496000000000000000e+03 1.530809521675109863e+00
8.497000000000000000e+03 1.506430745124816895e+00
8.498000000000000000e+03 1.535335302352905273e+00
8.499000000000000000e+03 1.536589026451110840e+00
8.500000000000000000e+03 1.517147183418273926e+00
8.501000000000000000e+03 1.525158166885375977e+00
8.502000000000000000e+03 1.540095210075378418e+00
8.503000000000000000e+03 1.552465796470642090e+00
8.504000000000000000e+03 1.551584839820861816e+00
8.505000000000000000e+03 1.510301113128662109e+00
8.506000000000000000e+03 1.546601295471191406e+00
8.507000000000000000e+03 1.559125423431396484e+00
8.508000000000000000e+03 1.548536419868469238e+00
8.509000000000000000e+03 1.550278425216674805e+00
8.510000000000000000e+03 1.537579178810119629e+00
8.511000000000000000e+03 1.525575757026672363e+00
8.512000000000000000e+03 1.523191213607788086e+00
8.513000000000000000e+03 1.533815026283264160e+00
8.514000000000000000e+03 1.528577446937561035e+00
8.515000000000000000e+03 1.533297896385192871e+00
8.516000000000000000e+03 1.495356440544128418e+00
8.517000000000000000e+03 1.503958463668823242e+00
8.518000000000000000e+03 1.544498205184936523e+00
8.519000000000000000e+03 1.525647282600402832e+00
8.520000000000000000e+03 1.515407204627990723e+00
8.521000000000000000e+03 1.495075106620788574e+00
8.522000000000000000e+03 1.486607789993286133e+00
8.523000000000000000e+03 1.522073030471801758e+00
8.524000000000000000e+03 1.519196391105651855e+00
8.525000000000000000e+03 1.539440631866455078e+00
8.526000000000000000e+03 1.537055492401123047e+00
8.527000000000000000e+03 1.562382340431213379e+00
8.528000000000000000e+03 1.572771549224853516e+00
8.529000000000000000e+03 1.554759740829467773e+00
8.530000000000000000e+03 1.558406949043273926e+00
8.531000000000000000e+03 1.537403583526611328e+00
8.532000000000000000e+03 1.561934709548950195e+00
8.533000000000000000e+03 1.522303104400634766e+00
8.534000000000000000e+03 1.517194271087646484e+00
8.535000000000000000e+03 1.520018696784973145e+00
8.536000000000000000e+03 1.546418190002441406e+00
8.537000000000000000e+03 1.543681740760803223e+00
8.538000000000000000e+03 1.552543759346008301e+00
8.539000000000000000e+03 1.615013241767883301e+00
8.540000000000000000e+03 1.552301883697509766e+00
8.541000000000000000e+03 1.569425225257873535e+00
8.542000000000000000e+03 1.573231816291809082e+00
8.543000000000000000e+03 1.548711776733398438e+00
8.544000000000000000e+03 1.546945095062255859e+00
8.545000000000000000e+03 1.561376333236694336e+00
8.546000000000000000e+03 1.540184378623962402e+00
8.547000000000000000e+03 1.514858841896057129e+00
8.548000000000000000e+03 1.525639057159423828e+00
8.549000000000000000e+03 1.556214928627014160e+00
8.550000000000000000e+03 1.558482050895690918e+00
8.551000000000000000e+03 1.550783157348632812e+00
8.552000000000000000e+03 1.538959980010986328e+00
8.553000000000000000e+03 1.544434428215026855e+00
8.554000000000000000e+03 1.507264018058776855e+00
8.555000000000000000e+03 1.524856686592102051e+00
8.556000000000000000e+03 1.567599177360534668e+00
8.557000000000000000e+03 1.537199139595031738e+00
8.558000000000000000e+03 1.579813480377197266e+00
8.559000000000000000e+03 1.568982601165771484e+00
8.560000000000000000e+03 1.556007385253906250e+00
8.561000000000000000e+03 1.529126286506652832e+00
8.562000000000000000e+03 1.549592018127441406e+00
8.563000000000000000e+03 1.535738110542297363e+00
8.564000000000000000e+03 1.518574595451354980e+00
8.565000000000000000e+03 1.524261474609375000e+00
8.566000000000000000e+03 1.546978116035461426e+00
8.567000000000000000e+03 1.543095111846923828e+00
8.568000000000000000e+03 1.561524629592895508e+00
8.569000000000000000e+03 1.523239374160766602e+00
8.570000000000000000e+03 1.543509483337402344e+00
8.571000000000000000e+03 1.501145720481872559e+00
8.572000000000000000e+03 1.545522451400756836e+00
8.573000000000000000e+03 1.567113041877746582e+00
8.574000000000000000e+03 1.549927949905395508e+00
8.575000000000000000e+03 1.549016594886779785e+00
8.576000000000000000e+03 1.562863826751708984e+00
8.577000000000000000e+03 1.536329269409179688e+00
8.578000000000000000e+03 1.538478851318359375e+00
8.579000000000000000e+03 1.512275099754333496e+00
8.580000000000000000e+03 1.551098823547363281e+00
8.581000000000000000e+03 1.522835254669189453e+00
8.582000000000000000e+03 1.567206740379333496e+00
8.583000000000000000e+03 1.533271670341491699e+00
8.584000000000000000e+03 1.549817204475402832e+00
8.585000000000000000e+03 1.534459352493286133e+00
8.586000000000000000e+03 1.523048162460327148e+00
8.587000000000000000e+03 1.577567577362060547e+00
8.588000000000000000e+03 1.523392438888549805e+00
8.589000000000000000e+03 1.531041145324707031e+00
8.590000000000000000e+03 1.522838830947875977e+00
8.591000000000000000e+03 1.540626287460327148e+00
8.592000000000000000e+03 1.526562213897705078e+00
8.593000000000000000e+03 1.541993141174316406e+00
8.594000000000000000e+03 1.573154449462890625e+00
8.595000000000000000e+03 1.552765846252441406e+00
8.596000000000000000e+03 1.538853287696838379e+00
8.597000000000000000e+03 1.533606410026550293e+00
8.598000000000000000e+03 1.574700474739074707e+00
8.599000000000000000e+03 1.555423378944396973e+00
8.600000000000000000e+03 1.524917721748352051e+00
8.601000000000000000e+03 1.530902624130249023e+00
8.602000000000000000e+03 1.559830188751220703e+00
8.603000000000000000e+03 1.553688049316406250e+00
8.604000000000000000e+03 1.564839243888854980e+00
8.605000000000000000e+03 1.549317240715026855e+00
8.606000000000000000e+03 1.548714399337768555e+00
8.607000000000000000e+03 1.540834069252014160e+00
8.608000000000000000e+03 1.533777832984924316e+00
8.609000000000000000e+03 1.536010742187500000e+00
8.610000000000000000e+03 1.523977994918823242e+00
8.611000000000000000e+03 1.528995394706726074e+00
8.612000000000000000e+03 1.581792235374450684e+00
8.613000000000000000e+03 1.521999359130859375e+00
8.614000000000000000e+03 1.549240946769714355e+00
8.615000000000000000e+03 1.550856113433837891e+00
8.616000000000000000e+03 1.598082065582275391e+00
8.617000000000000000e+03 1.553600192070007324e+00
8.618000000000000000e+03 1.536323547363281250e+00
8.619000000000000000e+03 1.513202667236328125e+00
8.620000000000000000e+03 1.506572842597961426e+00
8.621000000000000000e+03 1.502933382987976074e+00
8.622000000000000000e+03 1.564304232597351074e+00
8.623000000000000000e+03 1.570387482643127441e+00
8.624000000000000000e+03 1.547749996185302734e+00
8.625000000000000000e+03 1.543747544288635254e+00
8.626000000000000000e+03 1.539059400558471680e+00
8.627000000000000000e+03 1.536839008331298828e+00
8.628000000000000000e+03 1.544583559036254883e+00
8.629000000000000000e+03 1.574385762214660645e+00
8.630000000000000000e+03 1.547266721725463867e+00
8.631000000000000000e+03 1.584358096122741699e+00
8.632000000000000000e+03 1.568751096725463867e+00
8.633000000000000000e+03 1.601876020431518555e+00
8.634000000000000000e+03 1.583403706550598145e+00
8.635000000000000000e+03 1.572081685066223145e+00
8.636000000000000000e+03 1.559915781021118164e+00
8.637000000000000000e+03 1.557871103286743164e+00
8.638000000000000000e+03 1.527963876724243164e+00
8.639000000000000000e+03 1.550276517868041992e+00
8.640000000000000000e+03 1.531810760498046875e+00
8.641000000000000000e+03 1.515081405639648438e+00
8.642000000000000000e+03 1.578912854194641113e+00
8.643000000000000000e+03 1.511285662651062012e+00
8.644000000000000000e+03 1.565267086029052734e+00
8.645000000000000000e+03 1.558588743209838867e+00
8.646000000000000000e+03 1.525191664695739746e+00
8.647000000000000000e+03 1.519550919532775879e+00
8.648000000000000000e+03 1.535596489906311035e+00
8.649000000000000000e+03 1.547067046165466309e+00
8.650000000000000000e+03 1.482033371925354004e+00
8.651000000000000000e+03 1.517694592475891113e+00
8.652000000000000000e+03 1.512760758399963379e+00
8.653000000000000000e+03 1.550229072570800781e+00
8.654000000000000000e+03 1.557893633842468262e+00
8.655000000000000000e+03 1.550499320030212402e+00
8.656000000000000000e+03 1.534493684768676758e+00
8.657000000000000000e+03 1.552391529083251953e+00
8.658000000000000000e+03 1.532129049301147461e+00
8.659000000000000000e+03 1.505771398544311523e+00
8.660000000000000000e+03 1.538723826408386230e+00
8.661000000000000000e+03 1.563164353370666504e+00
8.662000000000000000e+03 1.527286529541015625e+00
8.663000000000000000e+03 1.556754231452941895e+00
8.664000000000000000e+03 1.511081695556640625e+00
8.665000000000000000e+03 1.525697946548461914e+00
8.666000000000000000e+03 1.523513197898864746e+00
8.667000000000000000e+03 1.576805830001831055e+00
8.668000000000000000e+03 1.550452828407287598e+00
8.669000000000000000e+03 1.526849389076232910e+00
8.670000000000000000e+03 1.558354139328002930e+00
8.671000000000000000e+03 1.551249027252197266e+00
8.672000000000000000e+03 1.560920000076293945e+00
8.673000000000000000e+03 1.538472533226013184e+00
8.674000000000000000e+03 1.555894374847412109e+00
8.675000000000000000e+03 1.534010767936706543e+00
8.676000000000000000e+03 1.523916244506835938e+00
8.677000000000000000e+03 1.536516785621643066e+00
8.678000000000000000e+03 1.524603009223937988e+00
8.679000000000000000e+03 1.559358358383178711e+00
8.680000000000000000e+03 1.528400540351867676e+00
8.681000000000000000e+03 1.532978057861328125e+00
8.682000000000000000e+03 1.511642813682556152e+00
8.683000000000000000e+03 1.537954807281494141e+00
8.684000000000000000e+03 1.548475623130798340e+00
8.685000000000000000e+03 1.570847272872924805e+00
8.686000000000000000e+03 1.536766648292541504e+00
8.687000000000000000e+03 1.528591394424438477e+00
8.688000000000000000e+03 1.524621486663818359e+00
8.689000000000000000e+03 1.512887001037597656e+00
8.690000000000000000e+03 1.547898054122924805e+00
8.691000000000000000e+03 1.563309431076049805e+00
8.692000000000000000e+03 1.539571523666381836e+00
8.693000000000000000e+03 1.529818415641784668e+00
8.694000000000000000e+03 1.524464845657348633e+00
8.695000000000000000e+03 1.527836799621582031e+00
8.696000000000000000e+03 1.553514480590820312e+00
8.697000000000000000e+03 1.550368547439575195e+00
8.698000000000000000e+03 1.544514536857604980e+00
8.699000000000000000e+03 1.500067949295043945e+00
8.700000000000000000e+03 1.540329217910766602e+00
8.701000000000000000e+03 1.526615142822265625e+00
8.702000000000000000e+03 1.524066329002380371e+00
8.703000000000000000e+03 1.518239021301269531e+00
8.704000000000000000e+03 1.534452319145202637e+00
8.705000000000000000e+03 1.495900034904479980e+00
8.706000000000000000e+03 1.529994606971740723e+00
8.707000000000000000e+03 1.516570210456848145e+00
8.708000000000000000e+03 1.549391746520996094e+00
8.709000000000000000e+03 1.540595173835754395e+00
8.710000000000000000e+03 1.576639175415039062e+00
8.711000000000000000e+03 1.544833421707153320e+00
8.712000000000000000e+03 1.562255024909973145e+00
8.713000000000000000e+03 1.521786689758300781e+00
8.714000000000000000e+03 1.538939356803894043e+00
8.715000000000000000e+03 1.548793911933898926e+00
8.716000000000000000e+03 1.561806559562683105e+00
8.717000000000000000e+03 1.592540025711059570e+00
8.718000000000000000e+03 1.521487355232238770e+00
8.719000000000000000e+03 1.498859882354736328e+00
8.720000000000000000e+03 1.517682909965515137e+00
8.721000000000000000e+03 1.543357253074645996e+00
8.722000000000000000e+03 1.524379134178161621e+00
8.723000000000000000e+03 1.522743344306945801e+00
8.724000000000000000e+03 1.532811760902404785e+00
8.725000000000000000e+03 1.537280917167663574e+00
8.726000000000000000e+03 1.484084963798522949e+00
8.727000000000000000e+03 1.519447684288024902e+00
8.728000000000000000e+03 1.522619009017944336e+00
8.729000000000000000e+03 1.605993986129760742e+00
8.730000000000000000e+03 1.567410945892333984e+00
8.731000000000000000e+03 1.543795585632324219e+00
8.732000000000000000e+03 1.509961843490600586e+00
8.733000000000000000e+03 1.510273814201354980e+00
8.734000000000000000e+03 1.545995831489562988e+00
8.735000000000000000e+03 1.529360413551330566e+00
8.736000000000000000e+03 1.535073637962341309e+00
8.737000000000000000e+03 1.505309462547302246e+00
8.738000000000000000e+03 1.532075285911560059e+00
8.739000000000000000e+03 1.507913947105407715e+00
8.740000000000000000e+03 1.552853941917419434e+00
8.741000000000000000e+03 1.567902445793151855e+00
8.742000000000000000e+03 1.509479522705078125e+00
8.743000000000000000e+03 1.549286007881164551e+00
8.744000000000000000e+03 1.534583806991577148e+00
8.745000000000000000e+03 1.503480315208435059e+00
8.746000000000000000e+03 1.509090423583984375e+00
8.747000000000000000e+03 1.486031055450439453e+00
8.748000000000000000e+03 1.534189820289611816e+00
8.749000000000000000e+03 1.548874139785766602e+00
8.750000000000000000e+03 1.523438811302185059e+00
8.751000000000000000e+03 1.512596487998962402e+00
8.752000000000000000e+03 1.549185037612915039e+00
8.753000000000000000e+03 1.531660556793212891e+00
8.754000000000000000e+03 1.546674489974975586e+00
8.755000000000000000e+03 1.482557058334350586e+00
8.756000000000000000e+03 1.507202506065368652e+00
8.757000000000000000e+03 1.509234905242919922e+00
8.758000000000000000e+03 1.501163482666015625e+00
8.759000000000000000e+03 1.533114314079284668e+00
8.760000000000000000e+03 1.540575027465820312e+00
8.761000000000000000e+03 1.519312858581542969e+00
8.762000000000000000e+03 1.537961840629577637e+00
8.763000000000000000e+03 1.518837332725524902e+00
8.764000000000000000e+03 1.543151855468750000e+00
8.765000000000000000e+03 1.511733412742614746e+00
8.766000000000000000e+03 1.527460932731628418e+00
8.767000000000000000e+03 1.532129764556884766e+00
8.768000000000000000e+03 1.529797196388244629e+00
8.769000000000000000e+03 1.531895518302917480e+00
8.770000000000000000e+03 1.551573395729064941e+00
8.771000000000000000e+03 1.527748107910156250e+00
8.772000000000000000e+03 1.528220176696777344e+00
8.773000000000000000e+03 1.527027130126953125e+00
8.774000000000000000e+03 1.523832440376281738e+00
8.775000000000000000e+03 1.498598933219909668e+00
8.776000000000000000e+03 1.501734256744384766e+00
8.777000000000000000e+03 1.524365544319152832e+00
8.778000000000000000e+03 1.540890097618103027e+00
8.779000000000000000e+03 1.511952280998229980e+00
8.780000000000000000e+03 1.539454817771911621e+00
8.781000000000000000e+03 1.518846511840820312e+00
8.782000000000000000e+03 1.485624313354492188e+00
8.783000000000000000e+03 1.515385627746582031e+00
8.784000000000000000e+03 1.499538779258728027e+00
8.785000000000000000e+03 1.502372264862060547e+00
8.786000000000000000e+03 1.517216086387634277e+00
8.787000000000000000e+03 1.474650621414184570e+00
8.788000000000000000e+03 1.520868182182312012e+00
8.789000000000000000e+03 1.517717242240905762e+00
8.790000000000000000e+03 1.517169594764709473e+00
8.791000000000000000e+03 1.547820925712585449e+00
8.792000000000000000e+03 1.507820725440979004e+00
8.793000000000000000e+03 1.506268978118896484e+00
8.794000000000000000e+03 1.493817567825317383e+00
8.795000000000000000e+03 1.508226156234741211e+00
8.796000000000000000e+03 1.528173685073852539e+00
8.797000000000000000e+03 1.521245241165161133e+00
8.798000000000000000e+03 1.547932624816894531e+00
8.799000000000000000e+03 1.550596237182617188e+00
8.800000000000000000e+03 1.487027764320373535e+00
8.801000000000000000e+03 1.498070478439331055e+00
8.802000000000000000e+03 1.531500458717346191e+00
8.803000000000000000e+03 1.509810686111450195e+00
8.804000000000000000e+03 1.520508050918579102e+00
8.805000000000000000e+03 1.515212416648864746e+00
8.806000000000000000e+03 1.524931907653808594e+00
8.807000000000000000e+03 1.539307475090026855e+00
8.808000000000000000e+03 1.523106575012207031e+00
8.809000000000000000e+03 1.522765040397644043e+00
8.810000000000000000e+03 1.501701474189758301e+00
8.811000000000000000e+03 1.553211808204650879e+00
8.812000000000000000e+03 1.555895805358886719e+00
8.813000000000000000e+03 1.584425449371337891e+00
8.814000000000000000e+03 1.532350778579711914e+00
8.815000000000000000e+03 1.548473238945007324e+00
8.816000000000000000e+03 1.510537147521972656e+00
8.817000000000000000e+03 1.531039237976074219e+00
8.818000000000000000e+03 1.515533208847045898e+00
8.819000000000000000e+03 1.546905875205993652e+00
8.820000000000000000e+03 1.524571895599365234e+00
8.821000000000000000e+03 1.510278105735778809e+00
8.822000000000000000e+03 1.540971517562866211e+00
8.823000000000000000e+03 1.547999501228332520e+00
8.824000000000000000e+03 1.521171212196350098e+00
8.825000000000000000e+03 1.535054087638854980e+00
8.826000000000000000e+03 1.514901041984558105e+00
8.827000000000000000e+03 1.512617588043212891e+00
8.828000000000000000e+03 1.520967602729797363e+00
8.829000000000000000e+03 1.524422407150268555e+00
8.830000000000000000e+03 1.568762779235839844e+00
8.831000000000000000e+03 1.577777385711669922e+00
8.832000000000000000e+03 1.559776902198791504e+00
8.833000000000000000e+03 1.505863666534423828e+00
8.834000000000000000e+03 1.512893080711364746e+00
8.835000000000000000e+03 1.491960644721984863e+00
8.836000000000000000e+03 1.503766179084777832e+00
8.837000000000000000e+03 1.540997147560119629e+00
8.838000000000000000e+03 1.557886123657226562e+00
8.839000000000000000e+03 1.541839241981506348e+00
8.840000000000000000e+03 1.559459924697875977e+00
8.841000000000000000e+03 1.545363306999206543e+00
8.842000000000000000e+03 1.508096337318420410e+00
8.843000000000000000e+03 1.539818525314331055e+00
8.844000000000000000e+03 1.579617261886596680e+00
8.845000000000000000e+03 1.553319096565246582e+00
8.846000000000000000e+03 1.544505715370178223e+00
8.847000000000000000e+03 1.539095282554626465e+00
8.848000000000000000e+03 1.557833909988403320e+00
8.849000000000000000e+03 1.556037425994873047e+00
8.850000000000000000e+03 1.526798367500305176e+00
8.851000000000000000e+03 1.523400783538818359e+00
8.852000000000000000e+03 1.561071395874023438e+00
8.853000000000000000e+03 1.534467339515686035e+00
8.854000000000000000e+03 1.598321676254272461e+00
8.855000000000000000e+03 1.560486078262329102e+00
8.856000000000000000e+03 1.542466640472412109e+00
8.857000000000000000e+03 1.577258825302124023e+00
8.858000000000000000e+03 1.574814319610595703e+00
8.859000000000000000e+03 1.568557620048522949e+00
8.860000000000000000e+03 1.559968709945678711e+00
8.861000000000000000e+03 1.551730155944824219e+00
8.862000000000000000e+03 1.574726104736328125e+00
8.863000000000000000e+03 1.546936154365539551e+00
8.864000000000000000e+03 1.558088183403015137e+00
8.865000000000000000e+03 1.544961452484130859e+00
8.866000000000000000e+03 1.505138754844665527e+00
8.867000000000000000e+03 1.504300475120544434e+00
8.868000000000000000e+03 1.502463579177856445e+00
8.869000000000000000e+03 1.508988499641418457e+00
8.870000000000000000e+03 1.492512464523315430e+00
8.871000000000000000e+03 1.533266782760620117e+00
8.872000000000000000e+03 1.536188483238220215e+00
8.873000000000000000e+03 1.511951804161071777e+00
8.874000000000000000e+03 1.509569764137268066e+00
8.875000000000000000e+03 1.524060130119323730e+00
8.876000000000000000e+03 1.534051656723022461e+00
8.877000000000000000e+03 1.536320090293884277e+00
8.878000000000000000e+03 1.584654569625854492e+00
8.879000000000000000e+03 1.563283562660217285e+00
8.880000000000000000e+03 1.535493612289428711e+00
8.881000000000000000e+03 1.543375372886657715e+00
8.882000000000000000e+03 1.542792677879333496e+00
8.883000000000000000e+03 1.535306453704833984e+00
8.884000000000000000e+03 1.568655729293823242e+00
8.885000000000000000e+03 1.531231641769409180e+00
8.886000000000000000e+03 1.563233375549316406e+00
8.887000000000000000e+03 1.548499584197998047e+00
8.888000000000000000e+03 1.520760655403137207e+00
8.889000000000000000e+03 1.553047895431518555e+00
8.890000000000000000e+03 1.572029709815979004e+00
8.891000000000000000e+03 1.603033900260925293e+00
8.892000000000000000e+03 1.549428462982177734e+00
8.893000000000000000e+03 1.579883575439453125e+00
8.894000000000000000e+03 1.517777681350708008e+00
8.895000000000000000e+03 1.526116728782653809e+00
8.896000000000000000e+03 1.547994852066040039e+00
8.897000000000000000e+03 1.563821196556091309e+00
8.898000000000000000e+03 1.586270093917846680e+00
8.899000000000000000e+03 1.569744110107421875e+00
8.900000000000000000e+03 1.536471128463745117e+00
8.901000000000000000e+03 1.527577877044677734e+00
8.902000000000000000e+03 1.543372869491577148e+00
8.903000000000000000e+03 1.538364052772521973e+00
8.904000000000000000e+03 1.584955692291259766e+00
8.905000000000000000e+03 1.602941393852233887e+00
8.906000000000000000e+03 1.580423235893249512e+00
8.907000000000000000e+03 1.593382477760314941e+00
8.908000000000000000e+03 1.554737567901611328e+00
8.909000000000000000e+03 1.555154323577880859e+00
8.910000000000000000e+03 1.578110814094543457e+00
8.911000000000000000e+03 1.582551717758178711e+00
8.912000000000000000e+03 1.562613129615783691e+00
8.913000000000000000e+03 1.517500877380371094e+00
8.914000000000000000e+03 1.534118175506591797e+00
8.915000000000000000e+03 1.532260060310363770e+00
8.916000000000000000e+03 1.544576048851013184e+00
8.917000000000000000e+03 1.552976369857788086e+00
8.918000000000000000e+03 1.588234424591064453e+00
8.919000000000000000e+03 1.611631274223327637e+00
8.920000000000000000e+03 1.628760099411010742e+00
8.921000000000000000e+03 1.604265093803405762e+00
8.922000000000000000e+03 1.592126250267028809e+00
8.923000000000000000e+03 1.586204409599304199e+00
8.924000000000000000e+03 1.556635856628417969e+00
8.925000000000000000e+03 1.596742272377014160e+00
8.926000000000000000e+03 1.580150127410888672e+00
8.927000000000000000e+03 1.568123817443847656e+00
8.928000000000000000e+03 1.604767322540283203e+00
8.929000000000000000e+03 1.559453368186950684e+00
8.930000000000000000e+03 1.527452588081359863e+00
8.931000000000000000e+03 1.519655466079711914e+00
8.932000000000000000e+03 1.573690176010131836e+00
8.933000000000000000e+03 1.574839949607849121e+00
8.934000000000000000e+03 1.564114212989807129e+00
8.935000000000000000e+03 1.545692920684814453e+00
8.936000000000000000e+03 1.542397260665893555e+00
8.937000000000000000e+03 1.568168282508850098e+00
8.938000000000000000e+03 1.596420645713806152e+00
8.939000000000000000e+03 1.568731188774108887e+00
8.940000000000000000e+03 1.579591989517211914e+00
8.941000000000000000e+03 1.574625611305236816e+00
8.942000000000000000e+03 1.547024846076965332e+00
8.943000000000000000e+03 1.568090558052062988e+00
8.944000000000000000e+03 1.581188559532165527e+00
8.945000000000000000e+03 1.575084567070007324e+00
8.946000000000000000e+03 1.563388466835021973e+00
8.947000000000000000e+03 1.591607332229614258e+00
8.948000000000000000e+03 1.586342811584472656e+00
8.949000000000000000e+03 1.551202416419982910e+00
8.950000000000000000e+03 1.558002591133117676e+00
8.951000000000000000e+03 1.521329283714294434e+00
8.952000000000000000e+03 1.563572406768798828e+00
8.953000000000000000e+03 1.564249396324157715e+00
8.954000000000000000e+03 1.570078492164611816e+00
8.955000000000000000e+03 1.593006968498229980e+00
8.956000000000000000e+03 1.576776742935180664e+00
8.957000000000000000e+03 1.576426625251770020e+00
8.958000000000000000e+03 1.541369080543518066e+00
8.959000000000000000e+03 1.543174505233764648e+00
8.960000000000000000e+03 1.565081596374511719e+00
8.961000000000000000e+03 1.573521733283996582e+00
8.962000000000000000e+03 1.568021297454833984e+00
8.963000000000000000e+03 1.553818821907043457e+00
8.964000000000000000e+03 1.563068032264709473e+00
8.965000000000000000e+03 1.532372951507568359e+00
8.966000000000000000e+03 1.551337003707885742e+00
8.967000000000000000e+03 1.563324570655822754e+00
8.968000000000000000e+03 1.554983019828796387e+00
8.969000000000000000e+03 1.550378322601318359e+00
8.970000000000000000e+03 1.535398840904235840e+00
8.971000000000000000e+03 1.542214393615722656e+00
8.972000000000000000e+03 1.548073649406433105e+00
8.973000000000000000e+03 1.516273736953735352e+00
8.974000000000000000e+03 1.575896739959716797e+00
8.975000000000000000e+03 1.527803063392639160e+00
8.976000000000000000e+03 1.579116344451904297e+00
8.977000000000000000e+03 1.605218410491943359e+00
8.978000000000000000e+03 1.557582259178161621e+00
8.979000000000000000e+03 1.524716138839721680e+00
8.980000000000000000e+03 1.564905643463134766e+00
8.981000000000000000e+03 1.591761827468872070e+00
8.982000000000000000e+03 1.583523392677307129e+00
8.983000000000000000e+03 1.566966891288757324e+00
8.984000000000000000e+03 1.607112526893615723e+00
8.985000000000000000e+03 1.590606331825256348e+00
8.986000000000000000e+03 1.601820826530456543e+00
8.987000000000000000e+03 1.596854209899902344e+00
8.988000000000000000e+03 1.576922178268432617e+00
8.989000000000000000e+03 1.576421856880187988e+00
8.990000000000000000e+03 1.585882544517517090e+00
8.991000000000000000e+03 1.556230425834655762e+00
8.992000000000000000e+03 1.571981310844421387e+00
8.993000000000000000e+03 1.574859142303466797e+00
8.994000000000000000e+03 1.563517093658447266e+00
8.995000000000000000e+03 1.559747695922851562e+00
8.996000000000000000e+03 1.593231081962585449e+00
8.997000000000000000e+03 1.580508708953857422e+00
8.998000000000000000e+03 1.566786766052246094e+00
8.999000000000000000e+03 1.580664873123168945e+00
9.000000000000000000e+03 1.561997175216674805e+00
9.001000000000000000e+03 1.569810390472412109e+00
9.002000000000000000e+03 1.601993560791015625e+00
9.003000000000000000e+03 1.565996527671813965e+00
9.004000000000000000e+03 1.568816900253295898e+00
9.005000000000000000e+03 1.573268413543701172e+00
9.006000000000000000e+03 1.559541106224060059e+00
9.007000000000000000e+03 1.602627754211425781e+00
9.008000000000000000e+03 1.541660428047180176e+00
9.009000000000000000e+03 1.564159035682678223e+00
9.010000000000000000e+03 1.565270662307739258e+00
9.011000000000000000e+03 1.565507054328918457e+00
9.012000000000000000e+03 1.521799683570861816e+00
9.013000000000000000e+03 1.524888396263122559e+00
9.014000000000000000e+03 1.590737819671630859e+00
9.015000000000000000e+03 1.538975715637207031e+00
9.016000000000000000e+03 1.567060470581054688e+00
9.017000000000000000e+03 1.520409584045410156e+00
9.018000000000000000e+03 1.532750844955444336e+00
9.019000000000000000e+03 1.529233932495117188e+00
9.020000000000000000e+03 1.519626021385192871e+00
9.021000000000000000e+03 1.492236256599426270e+00
9.022000000000000000e+03 1.520732164382934570e+00
9.023000000000000000e+03 1.533025026321411133e+00
9.024000000000000000e+03 1.551219820976257324e+00
9.025000000000000000e+03 1.522760748863220215e+00
9.026000000000000000e+03 1.546751737594604492e+00
9.027000000000000000e+03 1.535470843315124512e+00
9.028000000000000000e+03 1.532898187637329102e+00
9.029000000000000000e+03 1.562254786491394043e+00
9.030000000000000000e+03 1.549240469932556152e+00
9.031000000000000000e+03 1.522436380386352539e+00
9.032000000000000000e+03 1.518931508064270020e+00
9.033000000000000000e+03 1.547566652297973633e+00
9.034000000000000000e+03 1.564643859863281250e+00
9.035000000000000000e+03 1.535493373870849609e+00
9.036000000000000000e+03 1.549206614494323730e+00
9.037000000000000000e+03 1.548713207244873047e+00
9.038000000000000000e+03 1.596904516220092773e+00
9.039000000000000000e+03 1.570145130157470703e+00
9.040000000000000000e+03 1.561177253723144531e+00
9.041000000000000000e+03 1.538976788520812988e+00
9.042000000000000000e+03 1.526230812072753906e+00
9.043000000000000000e+03 1.515850186347961426e+00
9.044000000000000000e+03 1.535525918006896973e+00
9.045000000000000000e+03 1.524833917617797852e+00
9.046000000000000000e+03 1.498764991760253906e+00
9.047000000000000000e+03 1.569955945014953613e+00
9.048000000000000000e+03 1.553869485855102539e+00
9.049000000000000000e+03 1.550963044166564941e+00
9.050000000000000000e+03 1.540141820907592773e+00
9.051000000000000000e+03 1.558873891830444336e+00
9.052000000000000000e+03 1.578912019729614258e+00
9.053000000000000000e+03 1.550300121307373047e+00
9.054000000000000000e+03 1.553929567337036133e+00
9.055000000000000000e+03 1.543686151504516602e+00
9.056000000000000000e+03 1.537513732910156250e+00
9.057000000000000000e+03 1.539976000785827637e+00
9.058000000000000000e+03 1.586692452430725098e+00
9.059000000000000000e+03 1.542517662048339844e+00
9.060000000000000000e+03 1.555877566337585449e+00
9.061000000000000000e+03 1.561836004257202148e+00
9.062000000000000000e+03 1.537728071212768555e+00
9.063000000000000000e+03 1.562963724136352539e+00
9.064000000000000000e+03 1.572441339492797852e+00
9.065000000000000000e+03 1.552953600883483887e+00
9.066000000000000000e+03 1.562574625015258789e+00
9.067000000000000000e+03 1.549095273017883301e+00
9.068000000000000000e+03 1.566890120506286621e+00
9.069000000000000000e+03 1.554561614990234375e+00
9.070000000000000000e+03 1.593395709991455078e+00
9.071000000000000000e+03 1.544310212135314941e+00
9.072000000000000000e+03 1.567356348037719727e+00
9.073000000000000000e+03 1.539582729339599609e+00
9.074000000000000000e+03 1.590608119964599609e+00
9.075000000000000000e+03 1.507396459579467773e+00
9.076000000000000000e+03 1.508720755577087402e+00
9.077000000000000000e+03 1.477295398712158203e+00
9.078000000000000000e+03 1.525319218635559082e+00
9.079000000000000000e+03 1.557885050773620605e+00
9.080000000000000000e+03 1.534398674964904785e+00
9.081000000000000000e+03 1.559702157974243164e+00
9.082000000000000000e+03 1.560347199440002441e+00
9.083000000000000000e+03 1.567395806312561035e+00
9.084000000000000000e+03 1.554018497467041016e+00
9.085000000000000000e+03 1.562859654426574707e+00
9.086000000000000000e+03 1.545184731483459473e+00
9.087000000000000000e+03 1.567992568016052246e+00
9.088000000000000000e+03 1.560717701911926270e+00
9.089000000000000000e+03 1.554808855056762695e+00
9.090000000000000000e+03 1.563777089118957520e+00
9.091000000000000000e+03 1.609789133071899414e+00
9.092000000000000000e+03 1.567260146141052246e+00
9.093000000000000000e+03 1.556580662727355957e+00
9.094000000000000000e+03 1.565083861351013184e+00
9.095000000000000000e+03 1.528322219848632812e+00
9.096000000000000000e+03 1.563478946685791016e+00
9.097000000000000000e+03 1.564754962921142578e+00
9.098000000000000000e+03 1.564440608024597168e+00
9.099000000000000000e+03 1.532727718353271484e+00
9.100000000000000000e+03 1.589593410491943359e+00
9.101000000000000000e+03 1.548275232315063477e+00
9.102000000000000000e+03 1.564457416534423828e+00
9.103000000000000000e+03 1.549646615982055664e+00
9.104000000000000000e+03 1.535789728164672852e+00
9.105000000000000000e+03 1.526462912559509277e+00
9.106000000000000000e+03 1.557771921157836914e+00
9.107000000000000000e+03 1.563037633895874023e+00
9.108000000000000000e+03 1.534602284431457520e+00
9.109000000000000000e+03 1.567057132720947266e+00
9.110000000000000000e+03 1.567320585250854492e+00
9.111000000000000000e+03 1.561346411705017090e+00
9.112000000000000000e+03 1.582322120666503906e+00
9.113000000000000000e+03 1.555860519409179688e+00
9.114000000000000000e+03 1.594765901565551758e+00
9.115000000000000000e+03 1.587583422660827637e+00
9.116000000000000000e+03 1.578671574592590332e+00
9.117000000000000000e+03 1.578636169433593750e+00
9.118000000000000000e+03 1.563931107521057129e+00
9.119000000000000000e+03 1.586434245109558105e+00
9.120000000000000000e+03 1.570857167243957520e+00
9.121000000000000000e+03 1.567334055900573730e+00
9.122000000000000000e+03 1.560661435127258301e+00
9.123000000000000000e+03 1.552182078361511230e+00
9.124000000000000000e+03 1.550679802894592285e+00
9.125000000000000000e+03 1.557012677192687988e+00
9.126000000000000000e+03 1.587421298027038574e+00
9.127000000000000000e+03 1.570958375930786133e+00
9.128000000000000000e+03 1.585069417953491211e+00
9.129000000000000000e+03 1.533498048782348633e+00
9.130000000000000000e+03 1.573436498641967773e+00
9.131000000000000000e+03 1.575639843940734863e+00
9.132000000000000000e+03 1.577696442604064941e+00
9.133000000000000000e+03 1.591622114181518555e+00
9.134000000000000000e+03 1.583237648010253906e+00
9.135000000000000000e+03 1.557026624679565430e+00
9.136000000000000000e+03 1.545492053031921387e+00
9.137000000000000000e+03 1.526511907577514648e+00
9.138000000000000000e+03 1.558081030845642090e+00
9.139000000000000000e+03 1.533554911613464355e+00
9.140000000000000000e+03 1.526901483535766602e+00
9.141000000000000000e+03 1.512131094932556152e+00
9.142000000000000000e+03 1.533602476119995117e+00
9.143000000000000000e+03 1.532044172286987305e+00
9.144000000000000000e+03 1.513543128967285156e+00
9.145000000000000000e+03 1.524873971939086914e+00
9.146000000000000000e+03 1.558236598968505859e+00
9.147000000000000000e+03 1.543428421020507812e+00
9.148000000000000000e+03 1.545838236808776855e+00
9.149000000000000000e+03 1.515071153640747070e+00
9.150000000000000000e+03 1.590857028961181641e+00
9.151000000000000000e+03 1.603082537651062012e+00
9.152000000000000000e+03 1.607981204986572266e+00
9.153000000000000000e+03 1.604345202445983887e+00
9.154000000000000000e+03 1.570854902267456055e+00
9.155000000000000000e+03 1.564215540885925293e+00
9.156000000000000000e+03 1.584351778030395508e+00
9.157000000000000000e+03 1.557072043418884277e+00
9.158000000000000000e+03 1.547610044479370117e+00
9.159000000000000000e+03 1.553078293800354004e+00
9.160000000000000000e+03 1.547799110412597656e+00
9.161000000000000000e+03 1.551891684532165527e+00
9.162000000000000000e+03 1.565992355346679688e+00
9.163000000000000000e+03 1.539941906929016113e+00
9.164000000000000000e+03 1.555566787719726562e+00
9.165000000000000000e+03 1.575870513916015625e+00
9.166000000000000000e+03 1.571106076240539551e+00
9.167000000000000000e+03 1.556770563125610352e+00
9.168000000000000000e+03 1.572414636611938477e+00
9.169000000000000000e+03 1.579245686531066895e+00
9.170000000000000000e+03 1.585154891014099121e+00
9.171000000000000000e+03 1.551156163215637207e+00
9.172000000000000000e+03 1.552358150482177734e+00
9.173000000000000000e+03 1.553408503532409668e+00
9.174000000000000000e+03 1.508049011230468750e+00
9.175000000000000000e+03 1.539783120155334473e+00
9.176000000000000000e+03 1.540774106979370117e+00
9.177000000000000000e+03 1.553956985473632812e+00
9.178000000000000000e+03 1.554054856300354004e+00
9.179000000000000000e+03 1.554691314697265625e+00
9.180000000000000000e+03 1.520287394523620605e+00
9.181000000000000000e+03 1.554965138435363770e+00
9.182000000000000000e+03 1.526177406311035156e+00
9.183000000000000000e+03 1.516926884651184082e+00
9.184000000000000000e+03 1.571785807609558105e+00
9.185000000000000000e+03 1.549384713172912598e+00
9.186000000000000000e+03 1.536661982536315918e+00
9.187000000000000000e+03 1.525994300842285156e+00
9.188000000000000000e+03 1.510159492492675781e+00
9.189000000000000000e+03 1.536297202110290527e+00
9.190000000000000000e+03 1.544094443321228027e+00
9.191000000000000000e+03 1.565333485603332520e+00
9.192000000000000000e+03 1.564869046211242676e+00
9.193000000000000000e+03 1.507034897804260254e+00
9.194000000000000000e+03 1.521482944488525391e+00
9.195000000000000000e+03 1.550262689590454102e+00
9.196000000000000000e+03 1.513204455375671387e+00
9.197000000000000000e+03 1.534230351448059082e+00
9.198000000000000000e+03 1.485429167747497559e+00
9.199000000000000000e+03 1.507717013359069824e+00
9.200000000000000000e+03 1.543575525283813477e+00
9.201000000000000000e+03 1.543803215026855469e+00
9.202000000000000000e+03 1.530437350273132324e+00
9.203000000000000000e+03 1.514681577682495117e+00
9.204000000000000000e+03 1.530428528785705566e+00
9.205000000000000000e+03 1.548270463943481445e+00
9.206000000000000000e+03 1.543905496597290039e+00
9.207000000000000000e+03 1.550395250320434570e+00
9.208000000000000000e+03 1.558549165725708008e+00
9.209000000000000000e+03 1.580705285072326660e+00
9.210000000000000000e+03 1.569591760635375977e+00
9.211000000000000000e+03 1.551751017570495605e+00
9.212000000000000000e+03 1.551325559616088867e+00
9.213000000000000000e+03 1.546511650085449219e+00
9.214000000000000000e+03 1.552235484123229980e+00
9.215000000000000000e+03 1.536115646362304688e+00
9.216000000000000000e+03 1.527425527572631836e+00
9.217000000000000000e+03 1.553218841552734375e+00
9.218000000000000000e+03 1.528055071830749512e+00
9.219000000000000000e+03 1.502915143966674805e+00
9.220000000000000000e+03 1.500219106674194336e+00
9.221000000000000000e+03 1.532851099967956543e+00
9.222000000000000000e+03 1.527600884437561035e+00
9.223000000000000000e+03 1.543597817420959473e+00
9.224000000000000000e+03 1.504161477088928223e+00
9.225000000000000000e+03 1.565722703933715820e+00
9.226000000000000000e+03 1.546428322792053223e+00
9.227000000000000000e+03 1.552519559860229492e+00
9.228000000000000000e+03 1.505389213562011719e+00
9.229000000000000000e+03 1.506996035575866699e+00
9.230000000000000000e+03 1.480348587036132812e+00
9.231000000000000000e+03 1.517194390296936035e+00
9.232000000000000000e+03 1.542493581771850586e+00
9.233000000000000000e+03 1.554878711700439453e+00
9.234000000000000000e+03 1.537164688110351562e+00
9.235000000000000000e+03 1.482020139694213867e+00
9.236000000000000000e+03 1.490317821502685547e+00
9.237000000000000000e+03 1.508823037147521973e+00
9.238000000000000000e+03 1.478563666343688965e+00
9.239000000000000000e+03 1.506353735923767090e+00
9.240000000000000000e+03 1.507866263389587402e+00
9.241000000000000000e+03 1.473880171775817871e+00
9.242000000000000000e+03 1.521600484848022461e+00
9.243000000000000000e+03 1.497297644615173340e+00
9.244000000000000000e+03 1.498462915420532227e+00
9.245000000000000000e+03 1.463605403900146484e+00
9.246000000000000000e+03 1.492173910140991211e+00
9.247000000000000000e+03 1.509489417076110840e+00
9.248000000000000000e+03 1.520021677017211914e+00
9.249000000000000000e+03 1.497083067893981934e+00
9.250000000000000000e+03 1.514088988304138184e+00
9.251000000000000000e+03 1.519152522087097168e+00
9.252000000000000000e+03 1.523581266403198242e+00
9.253000000000000000e+03 1.544690847396850586e+00
9.254000000000000000e+03 1.570872306823730469e+00
9.255000000000000000e+03 1.541206002235412598e+00
9.256000000000000000e+03 1.529671907424926758e+00
9.257000000000000000e+03 1.563398599624633789e+00
9.258000000000000000e+03 1.550879716873168945e+00
9.259000000000000000e+03 1.573258280754089355e+00
9.260000000000000000e+03 1.534181475639343262e+00
9.261000000000000000e+03 1.545322656631469727e+00
9.262000000000000000e+03 1.579628348350524902e+00
9.263000000000000000e+03 1.583169937133789062e+00
9.264000000000000000e+03 1.573876261711120605e+00
9.265000000000000000e+03 1.543884992599487305e+00
9.266000000000000000e+03 1.537356376647949219e+00
9.267000000000000000e+03 1.550533175468444824e+00
9.268000000000000000e+03 1.559810400009155273e+00
9.269000000000000000e+03 1.540276169776916504e+00
9.270000000000000000e+03 1.554302930831909180e+00
9.271000000000000000e+03 1.576046109199523926e+00
9.272000000000000000e+03 1.550333499908447266e+00
9.273000000000000000e+03 1.548355460166931152e+00
9.274000000000000000e+03 1.574590325355529785e+00
9.275000000000000000e+03 1.544800281524658203e+00
9.276000000000000000e+03 1.567658901214599609e+00
9.277000000000000000e+03 1.559866547584533691e+00
9.278000000000000000e+03 1.583786368370056152e+00
9.279000000000000000e+03 1.593951463699340820e+00
9.280000000000000000e+03 1.576463222503662109e+00
9.281000000000000000e+03 1.584600448608398438e+00
9.282000000000000000e+03 1.587340474128723145e+00
9.283000000000000000e+03 1.602080106735229492e+00
9.284000000000000000e+03 1.592555046081542969e+00
9.285000000000000000e+03 1.609526515007019043e+00
9.286000000000000000e+03 1.566070318222045898e+00
9.287000000000000000e+03 1.572381615638732910e+00
9.288000000000000000e+03 1.578703999519348145e+00
9.289000000000000000e+03 1.576043963432312012e+00
9.290000000000000000e+03 1.520637154579162598e+00
9.291000000000000000e+03 1.549888491630554199e+00
9.292000000000000000e+03 1.570002794265747070e+00
9.293000000000000000e+03 1.614511132240295410e+00
9.294000000000000000e+03 1.563319206237792969e+00
9.295000000000000000e+03 1.600527644157409668e+00
9.296000000000000000e+03 1.545298218727111816e+00
9.297000000000000000e+03 1.572962641716003418e+00
9.298000000000000000e+03 1.584175944328308105e+00
9.299000000000000000e+03 1.534484744071960449e+00
9.300000000000000000e+03 1.574699521064758301e+00
9.301000000000000000e+03 1.550562858581542969e+00
9.302000000000000000e+03 1.533087253570556641e+00
9.303000000000000000e+03 1.579763889312744141e+00
9.304000000000000000e+03 1.570939183235168457e+00
9.305000000000000000e+03 1.555021286010742188e+00
9.306000000000000000e+03 1.521115541458129883e+00
9.307000000000000000e+03 1.564399719238281250e+00
9.308000000000000000e+03 1.548260569572448730e+00
9.309000000000000000e+03 1.548789858818054199e+00
9.310000000000000000e+03 1.581641316413879395e+00
9.311000000000000000e+03 1.585808873176574707e+00
9.312000000000000000e+03 1.558532476425170898e+00
9.313000000000000000e+03 1.535670399665832520e+00
9.314000000000000000e+03 1.552227497100830078e+00
9.315000000000000000e+03 1.574116826057434082e+00
9.316000000000000000e+03 1.586236834526062012e+00
9.317000000000000000e+03 1.571805119514465332e+00
9.318000000000000000e+03 1.522688031196594238e+00
9.319000000000000000e+03 1.570377111434936523e+00
9.320000000000000000e+03 1.564419746398925781e+00
9.321000000000000000e+03 1.561157226562500000e+00
9.322000000000000000e+03 1.541196942329406738e+00
9.323000000000000000e+03 1.585830807685852051e+00
9.324000000000000000e+03 1.593487977981567383e+00
9.325000000000000000e+03 1.558709502220153809e+00
9.326000000000000000e+03 1.599015355110168457e+00
9.327000000000000000e+03 1.543808341026306152e+00
9.328000000000000000e+03 1.570611834526062012e+00
9.329000000000000000e+03 1.554166078567504883e+00
9.330000000000000000e+03 1.557376027107238770e+00
9.331000000000000000e+03 1.552122354507446289e+00
9.332000000000000000e+03 1.528090119361877441e+00
9.333000000000000000e+03 1.546188831329345703e+00
9.334000000000000000e+03 1.576755046844482422e+00
9.335000000000000000e+03 1.538155198097229004e+00
9.336000000000000000e+03 1.556342363357543945e+00
9.337000000000000000e+03 1.541174888610839844e+00
9.338000000000000000e+03 1.543796539306640625e+00
9.339000000000000000e+03 1.560871839523315430e+00
9.340000000000000000e+03 1.538329243659973145e+00
9.341000000000000000e+03 1.568308472633361816e+00
9.342000000000000000e+03 1.524055600166320801e+00
9.343000000000000000e+03 1.567509531974792480e+00
9.344000000000000000e+03 1.566198229789733887e+00
9.345000000000000000e+03 1.568558096885681152e+00
9.346000000000000000e+03 1.549090981483459473e+00
9.347000000000000000e+03 1.538775086402893066e+00
9.348000000000000000e+03 1.554135680198669434e+00
9.349000000000000000e+03 1.539788365364074707e+00
9.350000000000000000e+03 1.528481841087341309e+00
9.351000000000000000e+03 1.547195553779602051e+00
9.352000000000000000e+03 1.547932982444763184e+00
9.353000000000000000e+03 1.511601090431213379e+00
9.354000000000000000e+03 1.516577005386352539e+00
9.355000000000000000e+03 1.530368447303771973e+00
9.356000000000000000e+03 1.491830825805664062e+00
9.357000000000000000e+03 1.516518235206604004e+00
9.358000000000000000e+03 1.525723218917846680e+00
9.359000000000000000e+03 1.544108867645263672e+00
9.360000000000000000e+03 1.506338596343994141e+00
9.361000000000000000e+03 1.544641971588134766e+00
9.362000000000000000e+03 1.541040539741516113e+00
9.363000000000000000e+03 1.524055600166320801e+00
9.364000000000000000e+03 1.519625544548034668e+00
9.365000000000000000e+03 1.575677990913391113e+00
9.366000000000000000e+03 1.559528350830078125e+00
9.367000000000000000e+03 1.539441704750061035e+00
9.368000000000000000e+03 1.521427512168884277e+00
9.369000000000000000e+03 1.534219503402709961e+00
9.370000000000000000e+03 1.530815482139587402e+00
9.371000000000000000e+03 1.507001757621765137e+00
9.372000000000000000e+03 1.534893631935119629e+00
9.373000000000000000e+03 1.513549208641052246e+00
9.374000000000000000e+03 1.527963638305664062e+00
9.375000000000000000e+03 1.550466537475585938e+00
9.376000000000000000e+03 1.562856793403625488e+00
9.377000000000000000e+03 1.526126265525817871e+00
9.378000000000000000e+03 1.568254947662353516e+00
9.379000000000000000e+03 1.525585174560546875e+00
9.380000000000000000e+03 1.516508936882019043e+00
9.381000000000000000e+03 1.494142293930053711e+00
9.382000000000000000e+03 1.486881256103515625e+00
9.383000000000000000e+03 1.521724224090576172e+00
9.384000000000000000e+03 1.525906443595886230e+00
9.385000000000000000e+03 1.556166529655456543e+00
9.386000000000000000e+03 1.562253117561340332e+00
9.387000000000000000e+03 1.574740171432495117e+00
9.388000000000000000e+03 1.533725976943969727e+00
9.389000000000000000e+03 1.519800186157226562e+00
9.390000000000000000e+03 1.568348884582519531e+00
9.391000000000000000e+03 1.551248669624328613e+00
9.392000000000000000e+03 1.533258318901062012e+00
9.393000000000000000e+03 1.500823616981506348e+00
9.394000000000000000e+03 1.555165529251098633e+00
9.395000000000000000e+03 1.573418974876403809e+00
9.396000000000000000e+03 1.560786247253417969e+00
9.397000000000000000e+03 1.528727054595947266e+00
9.398000000000000000e+03 1.522005200386047363e+00
9.399000000000000000e+03 1.497158527374267578e+00
9.400000000000000000e+03 1.511735558509826660e+00
9.401000000000000000e+03 1.532492399215698242e+00
9.402000000000000000e+03 1.572703123092651367e+00
9.403000000000000000e+03 1.555333375930786133e+00
9.404000000000000000e+03 1.588018059730529785e+00
9.405000000000000000e+03 1.579127073287963867e+00
9.406000000000000000e+03 1.589921593666076660e+00
9.407000000000000000e+03 1.570950627326965332e+00
9.408000000000000000e+03 1.577279329299926758e+00
9.409000000000000000e+03 1.558474421501159668e+00
9.410000000000000000e+03 1.527671933174133301e+00
9.411000000000000000e+03 1.514359235763549805e+00
9.412000000000000000e+03 1.522389650344848633e+00
9.413000000000000000e+03 1.535577774047851562e+00
9.414000000000000000e+03 1.556971192359924316e+00
9.415000000000000000e+03 1.527238488197326660e+00
9.416000000000000000e+03 1.510399222373962402e+00
9.417000000000000000e+03 1.555330395698547363e+00
9.418000000000000000e+03 1.546481847763061523e+00
9.419000000000000000e+03 1.526560425758361816e+00
9.420000000000000000e+03 1.551177620887756348e+00
9.421000000000000000e+03 1.594020485877990723e+00
9.422000000000000000e+03 1.560462594032287598e+00
9.423000000000000000e+03 1.582509040832519531e+00
9.424000000000000000e+03 1.592762708663940430e+00
9.425000000000000000e+03 1.572165608406066895e+00
9.426000000000000000e+03 1.591467618942260742e+00
9.427000000000000000e+03 1.583739876747131348e+00
9.428000000000000000e+03 1.624472022056579590e+00
9.429000000000000000e+03 1.594298243522644043e+00
9.430000000000000000e+03 1.594489932060241699e+00
9.431000000000000000e+03 1.528250575065612793e+00
9.432000000000000000e+03 1.571321487426757812e+00
9.433000000000000000e+03 1.572926998138427734e+00
9.434000000000000000e+03 1.587581038475036621e+00
9.435000000000000000e+03 1.604723095893859863e+00
9.436000000000000000e+03 1.588190793991088867e+00
9.437000000000000000e+03 1.596150636672973633e+00
9.438000000000000000e+03 1.600853443145751953e+00
9.439000000000000000e+03 1.573401808738708496e+00
9.440000000000000000e+03 1.618342399597167969e+00
9.441000000000000000e+03 1.599384903907775879e+00
9.442000000000000000e+03 1.577083349227905273e+00
9.443000000000000000e+03 1.590281367301940918e+00
9.444000000000000000e+03 1.553760647773742676e+00
9.445000000000000000e+03 1.577387213706970215e+00
9.446000000000000000e+03 1.548463463783264160e+00
9.447000000000000000e+03 1.543162703514099121e+00
9.448000000000000000e+03 1.553966879844665527e+00
9.449000000000000000e+03 1.542525410652160645e+00
9.450000000000000000e+03 1.511585235595703125e+00
9.451000000000000000e+03 1.520241379737854004e+00
9.452000000000000000e+03 1.530598402023315430e+00
9.453000000000000000e+03 1.509757637977600098e+00
9.454000000000000000e+03 1.498828649520874023e+00
9.455000000000000000e+03 1.521854043006896973e+00
9.456000000000000000e+03 1.557170867919921875e+00
9.457000000000000000e+03 1.563701629638671875e+00
9.458000000000000000e+03 1.537792682647705078e+00
9.459000000000000000e+03 1.514914751052856445e+00
9.460000000000000000e+03 1.530241489410400391e+00
9.461000000000000000e+03 1.513625621795654297e+00
9.462000000000000000e+03 1.567130684852600098e+00
9.463000000000000000e+03 1.580588817596435547e+00
9.464000000000000000e+03 1.555667638778686523e+00
9.465000000000000000e+03 1.592911839485168457e+00
9.466000000000000000e+03 1.551305294036865234e+00
9.467000000000000000e+03 1.533670544624328613e+00
9.468000000000000000e+03 1.563304066658020020e+00
9.469000000000000000e+03 1.514747977256774902e+00
9.470000000000000000e+03 1.517793059349060059e+00
9.471000000000000000e+03 1.483083128929138184e+00
9.472000000000000000e+03 1.521991014480590820e+00
9.473000000000000000e+03 1.479674458503723145e+00
9.474000000000000000e+03 1.531598567962646484e+00
9.475000000000000000e+03 1.520546197891235352e+00
9.476000000000000000e+03 1.515548467636108398e+00
9.477000000000000000e+03 1.529613018035888672e+00
9.478000000000000000e+03 1.533375024795532227e+00
9.479000000000000000e+03 1.538820981979370117e+00
9.480000000000000000e+03 1.535184860229492188e+00
9.481000000000000000e+03 1.545473098754882812e+00
9.482000000000000000e+03 1.539267539978027344e+00
9.483000000000000000e+03 1.536396980285644531e+00
9.484000000000000000e+03 1.538549304008483887e+00
9.485000000000000000e+03 1.525690913200378418e+00
9.486000000000000000e+03 1.531396389007568359e+00
9.487000000000000000e+03 1.562834382057189941e+00
9.488000000000000000e+03 1.568786263465881348e+00
9.489000000000000000e+03 1.557200074195861816e+00
9.490000000000000000e+03 1.541361331939697266e+00
9.491000000000000000e+03 1.536989092826843262e+00
9.492000000000000000e+03 1.568507194519042969e+00
9.493000000000000000e+03 1.532399654388427734e+00
9.494000000000000000e+03 1.548167943954467773e+00
9.495000000000000000e+03 1.545935392379760742e+00
9.496000000000000000e+03 1.546857953071594238e+00
9.497000000000000000e+03 1.536886930465698242e+00
9.498000000000000000e+03 1.593162178993225098e+00
9.499000000000000000e+03 1.576827049255371094e+00
9.500000000000000000e+03 1.567692637443542480e+00
9.501000000000000000e+03 1.565710186958312988e+00
9.502000000000000000e+03 1.535357952117919922e+00
9.503000000000000000e+03 1.565050840377807617e+00
9.504000000000000000e+03 1.558014392852783203e+00
9.505000000000000000e+03 1.539224386215209961e+00
9.506000000000000000e+03 1.548770427703857422e+00
9.507000000000000000e+03 1.562102913856506348e+00
9.508000000000000000e+03 1.593623042106628418e+00
9.509000000000000000e+03 1.593798756599426270e+00
9.510000000000000000e+03 1.571424365043640137e+00
9.511000000000000000e+03 1.523442745208740234e+00
9.512000000000000000e+03 1.535679459571838379e+00
9.513000000000000000e+03 1.551143407821655273e+00
9.514000000000000000e+03 1.572266459465026855e+00
9.515000000000000000e+03 1.569043159484863281e+00
9.516000000000000000e+03 1.540527105331420898e+00
9.517000000000000000e+03 1.525328516960144043e+00
9.518000000000000000e+03 1.486850261688232422e+00
9.519000000000000000e+03 1.525374412536621094e+00
9.520000000000000000e+03 1.517849564552307129e+00
9.521000000000000000e+03 1.524189829826354980e+00
9.522000000000000000e+03 1.527467370033264160e+00
9.523000000000000000e+03 1.542429208755493164e+00
9.524000000000000000e+03 1.532848715782165527e+00
9.525000000000000000e+03 1.582207560539245605e+00
9.526000000000000000e+03 1.548098444938659668e+00
9.527000000000000000e+03 1.528577327728271484e+00
9.528000000000000000e+03 1.516315579414367676e+00
9.529000000000000000e+03 1.499205231666564941e+00
9.530000000000000000e+03 1.507765173912048340e+00
9.531000000000000000e+03 1.561215877532958984e+00
9.532000000000000000e+03 1.549043059349060059e+00
9.533000000000000000e+03 1.561202049255371094e+00
9.534000000000000000e+03 1.557020545005798340e+00
9.535000000000000000e+03 1.558175921440124512e+00
9.536000000000000000e+03 1.554932713508605957e+00
9.537000000000000000e+03 1.547394156455993652e+00
9.538000000000000000e+03 1.525415420532226562e+00
9.539000000000000000e+03 1.583117365837097168e+00
9.540000000000000000e+03 1.567848086357116699e+00
9.541000000000000000e+03 1.548592805862426758e+00
9.542000000000000000e+03 1.534988760948181152e+00
9.543000000000000000e+03 1.542184352874755859e+00
9.544000000000000000e+03 1.513313770294189453e+00
9.545000000000000000e+03 1.533427119255065918e+00
9.546000000000000000e+03 1.552439451217651367e+00
9.547000000000000000e+03 1.526320219039916992e+00
9.548000000000000000e+03 1.533725738525390625e+00
9.549000000000000000e+03 1.521319985389709473e+00
9.550000000000000000e+03 1.520919799804687500e+00
9.551000000000000000e+03 1.591125011444091797e+00
9.552000000000000000e+03 1.558676004409790039e+00
9.553000000000000000e+03 1.529042124748229980e+00
9.554000000000000000e+03 1.574247121810913086e+00
9.555000000000000000e+03 1.530311465263366699e+00
9.556000000000000000e+03 1.534075617790222168e+00
9.557000000000000000e+03 1.543256521224975586e+00
9.558000000000000000e+03 1.497383952140808105e+00
9.559000000000000000e+03 1.521365404129028320e+00
9.560000000000000000e+03 1.512257456779479980e+00
9.561000000000000000e+03 1.504231095314025879e+00
9.562000000000000000e+03 1.505407214164733887e+00
9.563000000000000000e+03 1.521438956260681152e+00
9.564000000000000000e+03 1.519524335861206055e+00
9.565000000000000000e+03 1.527938961982727051e+00
9.566000000000000000e+03 1.548209547996520996e+00
9.567000000000000000e+03 1.562122225761413574e+00
9.568000000000000000e+03 1.561449527740478516e+00
9.569000000000000000e+03 1.548612713813781738e+00
9.570000000000000000e+03 1.582911491394042969e+00
9.571000000000000000e+03 1.564802169799804688e+00
9.572000000000000000e+03 1.567437171936035156e+00
9.573000000000000000e+03 1.547676920890808105e+00
9.574000000000000000e+03 1.567056894302368164e+00
9.575000000000000000e+03 1.566088318824768066e+00
9.576000000000000000e+03 1.563749790191650391e+00
9.577000000000000000e+03 1.601361989974975586e+00
9.578000000000000000e+03 1.576856613159179688e+00
9.579000000000000000e+03 1.585319757461547852e+00
9.580000000000000000e+03 1.597581386566162109e+00
9.581000000000000000e+03 1.574505567550659180e+00
9.582000000000000000e+03 1.539990663528442383e+00
9.583000000000000000e+03 1.546352863311767578e+00
9.584000000000000000e+03 1.561519145965576172e+00
9.585000000000000000e+03 1.572110295295715332e+00
9.586000000000000000e+03 1.558666944503784180e+00
9.587000000000000000e+03 1.573456048965454102e+00
9.588000000000000000e+03 1.549174904823303223e+00
9.589000000000000000e+03 1.553637981414794922e+00
9.590000000000000000e+03 1.547706484794616699e+00
9.591000000000000000e+03 1.516844749450683594e+00
9.592000000000000000e+03 1.524788856506347656e+00
9.593000000000000000e+03 1.520771861076354980e+00
9.594000000000000000e+03 1.556879639625549316e+00
9.595000000000000000e+03 1.539844632148742676e+00
9.596000000000000000e+03 1.514436721801757812e+00
9.597000000000000000e+03 1.574434399604797363e+00
9.598000000000000000e+03 1.535441040992736816e+00
9.599000000000000000e+03 1.536072015762329102e+00
9.600000000000000000e+03 1.544357299804687500e+00
9.601000000000000000e+03 1.560818791389465332e+00
9.602000000000000000e+03 1.563265323638916016e+00
9.603000000000000000e+03 1.533076286315917969e+00
9.604000000000000000e+03 1.532782077789306641e+00
9.605000000000000000e+03 1.554845809936523438e+00
9.606000000000000000e+03 1.528706550598144531e+00
9.607000000000000000e+03 1.528851270675659180e+00
9.608000000000000000e+03 1.517892837524414062e+00
9.609000000000000000e+03 1.538245439529418945e+00
9.610000000000000000e+03 1.503308296203613281e+00
9.611000000000000000e+03 1.539946317672729492e+00
9.612000000000000000e+03 1.540920138359069824e+00
9.613000000000000000e+03 1.502714514732360840e+00
9.614000000000000000e+03 1.536574244499206543e+00
9.615000000000000000e+03 1.484512567520141602e+00
9.616000000000000000e+03 1.487493038177490234e+00
9.617000000000000000e+03 1.511326909065246582e+00
9.618000000000000000e+03 1.545724987983703613e+00
9.619000000000000000e+03 1.520508408546447754e+00
9.620000000000000000e+03 1.504949092864990234e+00
9.621000000000000000e+03 1.512027621269226074e+00
9.622000000000000000e+03 1.536274909973144531e+00
9.623000000000000000e+03 1.520700097084045410e+00
9.624000000000000000e+03 1.533278942108154297e+00
9.625000000000000000e+03 1.517334342002868652e+00
9.626000000000000000e+03 1.593367576599121094e+00
9.627000000000000000e+03 1.576483368873596191e+00
9.628000000000000000e+03 1.531108975410461426e+00
9.629000000000000000e+03 1.572876930236816406e+00
9.630000000000000000e+03 1.540084123611450195e+00
9.631000000000000000e+03 1.543652415275573730e+00
9.632000000000000000e+03 1.505490183830261230e+00
9.633000000000000000e+03 1.499861240386962891e+00
9.634000000000000000e+03 1.484808802604675293e+00
9.635000000000000000e+03 1.481347560882568359e+00
9.636000000000000000e+03 1.510815739631652832e+00
9.637000000000000000e+03 1.484397172927856445e+00
9.638000000000000000e+03 1.498124718666076660e+00
9.639000000000000000e+03 1.523825526237487793e+00
9.640000000000000000e+03 1.522803902626037598e+00
9.641000000000000000e+03 1.559567928314208984e+00
9.642000000000000000e+03 1.528049826622009277e+00
9.643000000000000000e+03 1.522034883499145508e+00
9.644000000000000000e+03 1.511192083358764648e+00
9.645000000000000000e+03 1.550303101539611816e+00
9.646000000000000000e+03 1.549730658531188965e+00
9.647000000000000000e+03 1.503029584884643555e+00
9.648000000000000000e+03 1.528886795043945312e+00
9.649000000000000000e+03 1.547761440277099609e+00
9.650000000000000000e+03 1.555885553359985352e+00
9.651000000000000000e+03 1.531453013420104980e+00
9.652000000000000000e+03 1.546651005744934082e+00
9.653000000000000000e+03 1.533119440078735352e+00
9.654000000000000000e+03 1.511396884918212891e+00
9.655000000000000000e+03 1.531294107437133789e+00
9.656000000000000000e+03 1.544513702392578125e+00
9.657000000000000000e+03 1.554165005683898926e+00
9.658000000000000000e+03 1.545194029808044434e+00
9.659000000000000000e+03 1.534593582153320312e+00
9.660000000000000000e+03 1.529413700103759766e+00
9.661000000000000000e+03 1.563051700592041016e+00
9.662000000000000000e+03 1.563254714012145996e+00
9.663000000000000000e+03 1.566834568977355957e+00
9.664000000000000000e+03 1.559955120086669922e+00
9.665000000000000000e+03 1.568741440773010254e+00
9.666000000000000000e+03 1.579380869865417480e+00
9.667000000000000000e+03 1.560240507125854492e+00
9.668000000000000000e+03 1.569184780120849609e+00
9.669000000000000000e+03 1.550630927085876465e+00
9.670000000000000000e+03 1.544512629508972168e+00
9.671000000000000000e+03 1.532807588577270508e+00
9.672000000000000000e+03 1.596757173538208008e+00
9.673000000000000000e+03 1.538209557533264160e+00
9.674000000000000000e+03 1.533411860466003418e+00
9.675000000000000000e+03 1.547517299652099609e+00
9.676000000000000000e+03 1.575137019157409668e+00
9.677000000000000000e+03 1.563942670822143555e+00
9.678000000000000000e+03 1.522964119911193848e+00
9.679000000000000000e+03 1.573135614395141602e+00
9.680000000000000000e+03 1.558192849159240723e+00
9.681000000000000000e+03 1.561722993850708008e+00
9.682000000000000000e+03 1.567135572433471680e+00
9.683000000000000000e+03 1.568590998649597168e+00
9.684000000000000000e+03 1.545434355735778809e+00
9.685000000000000000e+03 1.588938951492309570e+00
9.686000000000000000e+03 1.581988453865051270e+00
9.687000000000000000e+03 1.557087898254394531e+00
9.688000000000000000e+03 1.566570520401000977e+00
9.689000000000000000e+03 1.556880950927734375e+00
9.690000000000000000e+03 1.560434937477111816e+00
9.691000000000000000e+03 1.576407790184020996e+00
9.692000000000000000e+03 1.515665769577026367e+00
9.693000000000000000e+03 1.506799101829528809e+00
9.694000000000000000e+03 1.552542686462402344e+00
9.695000000000000000e+03 1.574473738670349121e+00
9.696000000000000000e+03 1.575414657592773438e+00
9.697000000000000000e+03 1.577246427536010742e+00
9.698000000000000000e+03 1.542382717132568359e+00
9.699000000000000000e+03 1.530125975608825684e+00
9.700000000000000000e+03 1.513352632522583008e+00
9.701000000000000000e+03 1.537847638130187988e+00
9.702000000000000000e+03 1.529901027679443359e+00
9.703000000000000000e+03 1.537895679473876953e+00
9.704000000000000000e+03 1.483552098274230957e+00
9.705000000000000000e+03 1.526632905006408691e+00
9.706000000000000000e+03 1.509153008460998535e+00
9.707000000000000000e+03 1.510706782341003418e+00
9.708000000000000000e+03 1.541269898414611816e+00
9.709000000000000000e+03 1.539548873901367188e+00
9.710000000000000000e+03 1.572550177574157715e+00
9.711000000000000000e+03 1.535694837570190430e+00
9.712000000000000000e+03 1.541547775268554688e+00
9.713000000000000000e+03 1.547025322914123535e+00
9.714000000000000000e+03 1.560767292976379395e+00
9.715000000000000000e+03 1.550033569335937500e+00
9.716000000000000000e+03 1.570614695549011230e+00
9.717000000000000000e+03 1.546013474464416504e+00
9.718000000000000000e+03 1.525879979133605957e+00
9.719000000000000000e+03 1.543857216835021973e+00
9.720000000000000000e+03 1.538058757781982422e+00
9.721000000000000000e+03 1.517256975173950195e+00
9.722000000000000000e+03 1.533017158508300781e+00
9.723000000000000000e+03 1.538445115089416504e+00
9.724000000000000000e+03 1.542583942413330078e+00
9.725000000000000000e+03 1.570296049118041992e+00
9.726000000000000000e+03 1.520712494850158691e+00
9.727000000000000000e+03 1.525382876396179199e+00
9.728000000000000000e+03 1.542822360992431641e+00
9.729000000000000000e+03 1.542856812477111816e+00
9.730000000000000000e+03 1.540392518043518066e+00
9.731000000000000000e+03 1.552724123001098633e+00
9.732000000000000000e+03 1.512511372566223145e+00
9.733000000000000000e+03 1.478835821151733398e+00
9.734000000000000000e+03 1.515816926956176758e+00
9.735000000000000000e+03 1.518603444099426270e+00
9.736000000000000000e+03 1.534066796302795410e+00
9.737000000000000000e+03 1.522438645362854004e+00
9.738000000000000000e+03 1.536737561225891113e+00
9.739000000000000000e+03 1.528471112251281738e+00
9.740000000000000000e+03 1.530481457710266113e+00
9.741000000000000000e+03 1.533041596412658691e+00
9.742000000000000000e+03 1.565396189689636230e+00
9.743000000000000000e+03 1.526283621788024902e+00
9.744000000000000000e+03 1.523132324218750000e+00
9.745000000000000000e+03 1.516648292541503906e+00
9.746000000000000000e+03 1.553586244583129883e+00
9.747000000000000000e+03 1.554794311523437500e+00
9.748000000000000000e+03 1.553039312362670898e+00
9.749000000000000000e+03 1.542477250099182129e+00
9.750000000000000000e+03 1.570604205131530762e+00
9.751000000000000000e+03 1.538149118423461914e+00
9.752000000000000000e+03 1.563774228096008301e+00
9.753000000000000000e+03 1.568413257598876953e+00
9.754000000000000000e+03 1.519212126731872559e+00
9.755000000000000000e+03 1.568572878837585449e+00
9.756000000000000000e+03 1.535367727279663086e+00
9.757000000000000000e+03 1.538110494613647461e+00
9.758000000000000000e+03 1.529475092887878418e+00
9.759000000000000000e+03 1.536754488945007324e+00
9.760000000000000000e+03 1.556610465049743652e+00
9.761000000000000000e+03 1.541204690933227539e+00
9.762000000000000000e+03 1.540588259696960449e+00
9.763000000000000000e+03 1.551662802696228027e+00
9.764000000000000000e+03 1.563881278038024902e+00
9.765000000000000000e+03 1.546647548675537109e+00
9.766000000000000000e+03 1.569547891616821289e+00
9.767000000000000000e+03 1.545329093933105469e+00
9.768000000000000000e+03 1.556748509407043457e+00
9.769000000000000000e+03 1.566941738128662109e+00
9.770000000000000000e+03 1.549403667449951172e+00
9.771000000000000000e+03 1.583106040954589844e+00
9.772000000000000000e+03 1.539786696434020996e+00
9.773000000000000000e+03 1.521028041839599609e+00
9.774000000000000000e+03 1.483311176300048828e+00
9.775000000000000000e+03 1.528059959411621094e+00
9.776000000000000000e+03 1.513608455657958984e+00
9.777000000000000000e+03 1.494907617568969727e+00
9.778000000000000000e+03 1.496119141578674316e+00
9.779000000000000000e+03 1.484719157218933105e+00
9.780000000000000000e+03 1.492664933204650879e+00
9.781000000000000000e+03 1.520597457885742188e+00
9.782000000000000000e+03 1.512119412422180176e+00
9.783000000000000000e+03 1.493918895721435547e+00
9.784000000000000000e+03 1.517488121986389160e+00
9.785000000000000000e+03 1.506490468978881836e+00
9.786000000000000000e+03 1.575751900672912598e+00
9.787000000000000000e+03 1.553347706794738770e+00
9.788000000000000000e+03 1.486456155776977539e+00
9.789000000000000000e+03 1.495996594429016113e+00
9.790000000000000000e+03 1.481226682662963867e+00
9.791000000000000000e+03 1.498539447784423828e+00
9.792000000000000000e+03 1.539559125900268555e+00
9.793000000000000000e+03 1.526591658592224121e+00
9.794000000000000000e+03 1.532779574394226074e+00
9.795000000000000000e+03 1.500653624534606934e+00
9.796000000000000000e+03 1.512438178062438965e+00
9.797000000000000000e+03 1.498307466506958008e+00
9.798000000000000000e+03 1.499292850494384766e+00
9.799000000000000000e+03 1.516525268554687500e+00
9.800000000000000000e+03 1.559254527091979980e+00
9.801000000000000000e+03 1.529253005981445312e+00
9.802000000000000000e+03 1.499491333961486816e+00
9.803000000000000000e+03 1.517806887626647949e+00
9.804000000000000000e+03 1.467888593673706055e+00
9.805000000000000000e+03 1.480549097061157227e+00
9.806000000000000000e+03 1.502270936965942383e+00
9.807000000000000000e+03 1.504947543144226074e+00
9.808000000000000000e+03 1.518297195434570312e+00
9.809000000000000000e+03 1.523797392845153809e+00
9.810000000000000000e+03 1.509955286979675293e+00
9.811000000000000000e+03 1.521320581436157227e+00
9.812000000000000000e+03 1.534269690513610840e+00
9.813000000000000000e+03 1.544341564178466797e+00
9.814000000000000000e+03 1.544845700263977051e+00
9.815000000000000000e+03 1.574611663818359375e+00
9.816000000000000000e+03 1.561565160751342773e+00
9.817000000000000000e+03 1.568466901779174805e+00
9.818000000000000000e+03 1.542215228080749512e+00
9.819000000000000000e+03 1.564424633979797363e+00
9.820000000000000000e+03 1.566700696945190430e+00
9.821000000000000000e+03 1.528618335723876953e+00
9.822000000000000000e+03 1.526659727096557617e+00
9.823000000000000000e+03 1.557397603988647461e+00
9.824000000000000000e+03 1.535216450691223145e+00
9.825000000000000000e+03 1.571326255798339844e+00
9.826000000000000000e+03 1.563963651657104492e+00
9.827000000000000000e+03 1.545584917068481445e+00
9.828000000000000000e+03 1.519582509994506836e+00
9.829000000000000000e+03 1.551003336906433105e+00
9.830000000000000000e+03 1.570220589637756348e+00
9.831000000000000000e+03 1.555424809455871582e+00
9.832000000000000000e+03 1.575158119201660156e+00
9.833000000000000000e+03 1.567071199417114258e+00
9.834000000000000000e+03 1.551329255104064941e+00
9.835000000000000000e+03 1.525636792182922363e+00
9.836000000000000000e+03 1.478352665901184082e+00
9.837000000000000000e+03 1.513715028762817383e+00
9.838000000000000000e+03 1.512934684753417969e+00
9.839000000000000000e+03 1.526855945587158203e+00
9.840000000000000000e+03 1.523769140243530273e+00
9.841000000000000000e+03 1.542367458343505859e+00
9.842000000000000000e+03 1.589404463768005371e+00
9.843000000000000000e+03 1.563854217529296875e+00
9.844000000000000000e+03 1.535664558410644531e+00
9.845000000000000000e+03 1.535716414451599121e+00
9.846000000000000000e+03 1.498681426048278809e+00
9.847000000000000000e+03 1.502182483673095703e+00
9.848000000000000000e+03 1.515327095985412598e+00
9.849000000000000000e+03 1.527114868164062500e+00
9.850000000000000000e+03 1.527334094047546387e+00
9.851000000000000000e+03 1.555292606353759766e+00
9.852000000000000000e+03 1.508845090866088867e+00
9.853000000000000000e+03 1.518935322761535645e+00
9.854000000000000000e+03 1.523733735084533691e+00
9.855000000000000000e+03 1.532381176948547363e+00
9.856000000000000000e+03 1.582284927368164062e+00
9.857000000000000000e+03 1.542735099792480469e+00
9.858000000000000000e+03 1.570740699768066406e+00
9.859000000000000000e+03 1.531004548072814941e+00
9.860000000000000000e+03 1.529466271400451660e+00
9.861000000000000000e+03 1.535793304443359375e+00
9.862000000000000000e+03 1.563397884368896484e+00
9.863000000000000000e+03 1.555523753166198730e+00
9.864000000000000000e+03 1.557780623435974121e+00
9.865000000000000000e+03 1.519546508789062500e+00
9.866000000000000000e+03 1.544779062271118164e+00
9.867000000000000000e+03 1.538105487823486328e+00
9.868000000000000000e+03 1.521642923355102539e+00
9.869000000000000000e+03 1.543752551078796387e+00
9.870000000000000000e+03 1.533797383308410645e+00
9.871000000000000000e+03 1.533354520797729492e+00
9.872000000000000000e+03 1.577499270439147949e+00
9.873000000000000000e+03 1.566397547721862793e+00
9.874000000000000000e+03 1.541342616081237793e+00
9.875000000000000000e+03 1.553641676902770996e+00
9.876000000000000000e+03 1.601409077644348145e+00
9.877000000000000000e+03 1.559745073318481445e+00
9.878000000000000000e+03 1.574530720710754395e+00
9.879000000000000000e+03 1.532023072242736816e+00
9.880000000000000000e+03 1.539525032043457031e+00
9.881000000000000000e+03 1.577788472175598145e+00
9.882000000000000000e+03 1.553258538246154785e+00
9.883000000000000000e+03 1.522796034812927246e+00
9.884000000000000000e+03 1.551352977752685547e+00
9.885000000000000000e+03 1.518559098243713379e+00
9.886000000000000000e+03 1.506652116775512695e+00
9.887000000000000000e+03 1.508783459663391113e+00
9.888000000000000000e+03 1.520286679267883301e+00
9.889000000000000000e+03 1.515408277511596680e+00
9.890000000000000000e+03 1.517856836318969727e+00
9.891000000000000000e+03 1.494934082031250000e+00
9.892000000000000000e+03 1.518377900123596191e+00
9.893000000000000000e+03 1.501922011375427246e+00
9.894000000000000000e+03 1.529636740684509277e+00
9.895000000000000000e+03 1.499527215957641602e+00
9.896000000000000000e+03 1.488464832305908203e+00
9.897000000000000000e+03 1.507271528244018555e+00
9.898000000000000000e+03 1.487994313240051270e+00
9.899000000000000000e+03 1.475149273872375488e+00
9.900000000000000000e+03 1.489085435867309570e+00
9.901000000000000000e+03 1.549782514572143555e+00
9.902000000000000000e+03 1.520958662033081055e+00
9.903000000000000000e+03 1.534158587455749512e+00
9.904000000000000000e+03 1.505901575088500977e+00
9.905000000000000000e+03 1.492483496665954590e+00
9.906000000000000000e+03 1.545251131057739258e+00
9.907000000000000000e+03 1.524603724479675293e+00
9.908000000000000000e+03 1.524920582771301270e+00
9.909000000000000000e+03 1.517627358436584473e+00
9.910000000000000000e+03 1.538363456726074219e+00
9.911000000000000000e+03 1.527396321296691895e+00
9.912000000000000000e+03 1.516419410705566406e+00
9.913000000000000000e+03 1.542854547500610352e+00
9.914000000000000000e+03 1.540047645568847656e+00
9.915000000000000000e+03 1.549772620201110840e+00
9.916000000000000000e+03 1.515689969062805176e+00
9.917000000000000000e+03 1.541238188743591309e+00
9.918000000000000000e+03 1.521785974502563477e+00
9.919000000000000000e+03 1.479288578033447266e+00
9.920000000000000000e+03 1.502326250076293945e+00
9.921000000000000000e+03 1.581899881362915039e+00
9.922000000000000000e+03 1.537708520889282227e+00
9.923000000000000000e+03 1.539118409156799316e+00
9.924000000000000000e+03 1.511044621467590332e+00
9.925000000000000000e+03 1.515326976776123047e+00
9.926000000000000000e+03 1.544553875923156738e+00
9.927000000000000000e+03 1.563869237899780273e+00
9.928000000000000000e+03 1.588576912879943848e+00
9.929000000000000000e+03 1.573231220245361328e+00
9.930000000000000000e+03 1.551875233650207520e+00
9.931000000000000000e+03 1.557451009750366211e+00
9.932000000000000000e+03 1.576495528221130371e+00
9.933000000000000000e+03 1.546113014221191406e+00
9.934000000000000000e+03 1.564472556114196777e+00
9.935000000000000000e+03 1.549534916877746582e+00
9.936000000000000000e+03 1.550686955451965332e+00
9.937000000000000000e+03 1.598202943801879883e+00
9.938000000000000000e+03 1.561986565589904785e+00
9.939000000000000000e+03 1.595456361770629883e+00
9.940000000000000000e+03 1.600306034088134766e+00
9.941000000000000000e+03 1.573131561279296875e+00
9.942000000000000000e+03 1.556110978126525879e+00
9.943000000000000000e+03 1.571672201156616211e+00
9.944000000000000000e+03 1.538631081581115723e+00
9.945000000000000000e+03 1.558861136436462402e+00
9.946000000000000000e+03 1.565753459930419922e+00
9.947000000000000000e+03 1.538589239120483398e+00
9.948000000000000000e+03 1.542897105216979980e+00
9.949000000000000000e+03 1.534347772598266602e+00
9.950000000000000000e+03 1.557075142860412598e+00
9.951000000000000000e+03 1.585572361946105957e+00
9.952000000000000000e+03 1.590362906455993652e+00
9.953000000000000000e+03 1.587780475616455078e+00
9.954000000000000000e+03 1.579903006553649902e+00
9.955000000000000000e+03 1.559749126434326172e+00
9.956000000000000000e+03 1.567777633666992188e+00
9.957000000000000000e+03 1.558158397674560547e+00
9.958000000000000000e+03 1.536216855049133301e+00
9.959000000000000000e+03 1.598388433456420898e+00
9.960000000000000000e+03 1.571655988693237305e+00
9.961000000000000000e+03 1.543059945106506348e+00
9.962000000000000000e+03 1.571568846702575684e+00
9.963000000000000000e+03 1.569265723228454590e+00
9.964000000000000000e+03 1.556326746940612793e+00
9.965000000000000000e+03 1.568812847137451172e+00
9.966000000000000000e+03 1.570603847503662109e+00
9.967000000000000000e+03 1.539876580238342285e+00
9.968000000000000000e+03 1.558040618896484375e+00
9.969000000000000000e+03 1.538248062133789062e+00
9.970000000000000000e+03 1.555858373641967773e+00
9.971000000000000000e+03 1.556138277053833008e+00
9.972000000000000000e+03 1.541682362556457520e+00
9.973000000000000000e+03 1.504585623741149902e+00
9.974000000000000000e+03 1.539964318275451660e+00
9.975000000000000000e+03 1.526785492897033691e+00
9.976000000000000000e+03 1.558999419212341309e+00
9.977000000000000000e+03 1.543928742408752441e+00
9.978000000000000000e+03 1.540899157524108887e+00
9.979000000000000000e+03 1.588593363761901855e+00
9.980000000000000000e+03 1.550063133239746094e+00
9.981000000000000000e+03 1.569663524627685547e+00
9.982000000000000000e+03 1.590730190277099609e+00
9.983000000000000000e+03 1.563779592514038086e+00
9.984000000000000000e+03 1.600173950195312500e+00
9.985000000000000000e+03 1.590402483940124512e+00
9.986000000000000000e+03 1.581442356109619141e+00
9.987000000000000000e+03 1.572615861892700195e+00
9.988000000000000000e+03 1.590061783790588379e+00
9.989000000000000000e+03 1.570081591606140137e+00
9.990000000000000000e+03 1.562563538551330566e+00
9.991000000000000000e+03 1.536474347114562988e+00
9.992000000000000000e+03 1.571186661720275879e+00
9.993000000000000000e+03 1.544355750083923340e+00
9.994000000000000000e+03 1.526648640632629395e+00
9.995000000000000000e+03 1.568890213966369629e+00
9.996000000000000000e+03 1.553903102874755859e+00
9.997000000000000000e+03 1.567825555801391602e+00
9.998000000000000000e+03 1.532343029975891113e+00
