9.180000000000000000e+02 1.250174522399902344e+00
9.190000000000000000e+02 1.239451169967651367e+00
9.200000000000000000e+02 1.259223580360412598e+00
9.210000000000000000e+02 1.242519855499267578e+00
9.220000000000000000e+02 1.244473218917846680e+00
9.230000000000000000e+02 1.255472302436828613e+00
9.240000000000000000e+02 1.256959438323974609e+00
9.250000000000000000e+02 1.240520715713500977e+00
9.260000000000000000e+02 1.226969242095947266e+00
9.270000000000000000e+02 1.228566288948059082e+00
9.280000000000000000e+02 1.256294965744018555e+00
9.290000000000000000e+02 1.239260435104370117e+00
9.300000000000000000e+02 1.221055030822753906e+00
9.310000000000000000e+02 1.232550621032714844e+00
9.320000000000000000e+02 1.241357445716857910e+00
9.330000000000000000e+02 1.286665439605712891e+00
9.340000000000000000e+02 1.271509647369384766e+00
9.350000000000000000e+02 1.233536481857299805e+00
9.360000000000000000e+02 1.197420597076416016e+00
9.370000000000000000e+02 1.222032785415649414e+00
9.380000000000000000e+02 1.248135328292846680e+00
9.390000000000000000e+02 1.241351842880249023e+00
9.400000000000000000e+02 1.258660912513732910e+00
9.410000000000000000e+02 1.240682363510131836e+00
9.420000000000000000e+02 1.273478388786315918e+00
9.430000000000000000e+02 1.260262846946716309e+00
9.440000000000000000e+02 1.236836194992065430e+00
9.450000000000000000e+02 1.256746530532836914e+00
9.460000000000000000e+02 1.239106655120849609e+00
9.470000000000000000e+02 1.236349821090698242e+00
9.480000000000000000e+02 1.233548879623413086e+00
9.490000000000000000e+02 1.202155709266662598e+00
9.500000000000000000e+02 1.251072764396667480e+00
9.510000000000000000e+02 1.232822418212890625e+00
9.520000000000000000e+02 1.219338178634643555e+00
9.530000000000000000e+02 1.237734675407409668e+00
9.540000000000000000e+02 1.265406012535095215e+00
9.550000000000000000e+02 1.250877141952514648e+00
9.560000000000000000e+02 1.232090830802917480e+00
9.570000000000000000e+02 1.242265582084655762e+00
9.580000000000000000e+02 1.246392250061035156e+00
9.590000000000000000e+02 1.230291724205017090e+00
9.600000000000000000e+02 1.228710412979125977e+00
9.610000000000000000e+02 1.234737873077392578e+00
9.620000000000000000e+02 1.270703077316284180e+00
9.630000000000000000e+02 1.233889102935791016e+00
9.640000000000000000e+02 1.242512464523315430e+00
9.650000000000000000e+02 1.239942312240600586e+00
9.660000000000000000e+02 1.242944836616516113e+00
9.670000000000000000e+02 1.223172664642333984e+00
9.680000000000000000e+02 1.230815649032592773e+00
9.690000000000000000e+02 1.246830940246582031e+00
9.700000000000000000e+02 1.207914233207702637e+00
9.710000000000000000e+02 1.219878554344177246e+00
9.720000000000000000e+02 1.228206276893615723e+00
9.730000000000000000e+02 1.246671199798583984e+00
9.740000000000000000e+02 1.260161399841308594e+00
9.750000000000000000e+02 1.262841343879699707e+00
9.760000000000000000e+02 1.250934362411499023e+00
9.770000000000000000e+02 1.248933076858520508e+00
9.780000000000000000e+02 1.215793967247009277e+00
9.790000000000000000e+02 1.209354162216186523e+00
9.800000000000000000e+02 1.237729310989379883e+00
9.810000000000000000e+02 1.239932775497436523e+00
9.820000000000000000e+02 1.240180730819702148e+00
9.830000000000000000e+02 1.239748477935791016e+00
9.840000000000000000e+02 1.234609127044677734e+00
9.850000000000000000e+02 1.241052985191345215e+00
9.860000000000000000e+02 1.229093313217163086e+00
9.870000000000000000e+02 1.267588615417480469e+00
9.880000000000000000e+02 1.241465926170349121e+00
9.890000000000000000e+02 1.232956171035766602e+00
9.900000000000000000e+02 1.284779906272888184e+00
9.910000000000000000e+02 1.230145454406738281e+00
9.920000000000000000e+02 1.218294739723205566e+00
9.930000000000000000e+02 1.249304533004760742e+00
9.940000000000000000e+02 1.251028060913085938e+00
9.950000000000000000e+02 1.262007117271423340e+00
9.960000000000000000e+02 1.227972388267517090e+00
9.970000000000000000e+02 1.252080440521240234e+00
9.980000000000000000e+02 1.272561192512512207e+00
9.990000000000000000e+02 1.246348142623901367e+00
1.000000000000000000e+03 1.266753196716308594e+00
1.001000000000000000e+03 1.298040390014648438e+00
1.002000000000000000e+03 1.278272628784179688e+00
1.003000000000000000e+03 1.272092223167419434e+00
1.004000000000000000e+03 1.253795623779296875e+00
1.005000000000000000e+03 1.242492318153381348e+00
1.006000000000000000e+03 1.229866027832031250e+00
1.007000000000000000e+03 1.250353217124938965e+00
1.008000000000000000e+03 1.257298827171325684e+00
1.009000000000000000e+03 1.276283144950866699e+00
1.010000000000000000e+03 1.284083843231201172e+00
1.011000000000000000e+03 1.274676322937011719e+00
1.012000000000000000e+03 1.229026079177856445e+00
1.013000000000000000e+03 1.266225576400756836e+00
1.014000000000000000e+03 1.222059488296508789e+00
1.015000000000000000e+03 1.271219491958618164e+00
1.016000000000000000e+03 1.237963199615478516e+00
1.017000000000000000e+03 1.259488821029663086e+00
1.018000000000000000e+03 1.260348558425903320e+00
1.019000000000000000e+03 1.245248317718505859e+00
1.020000000000000000e+03 1.249252796173095703e+00
1.021000000000000000e+03 1.265176653861999512e+00
1.022000000000000000e+03 1.226598739624023438e+00
1.023000000000000000e+03 1.251909971237182617e+00
1.024000000000000000e+03 1.240849852561950684e+00
1.025000000000000000e+03 1.239928007125854492e+00
1.026000000000000000e+03 1.238407373428344727e+00
1.027000000000000000e+03 1.268261313438415527e+00
1.028000000000000000e+03 1.268292784690856934e+00
1.029000000000000000e+03 1.264179110527038574e+00
1.030000000000000000e+03 1.288229465484619141e+00
1.031000000000000000e+03 1.273123383522033691e+00
1.032000000000000000e+03 1.227188944816589355e+00
1.033000000000000000e+03 1.248434901237487793e+00
1.034000000000000000e+03 1.210874676704406738e+00
1.035000000000000000e+03 1.231062173843383789e+00
1.036000000000000000e+03 1.230051398277282715e+00
1.037000000000000000e+03 1.215201497077941895e+00
1.038000000000000000e+03 1.214471936225891113e+00
1.039000000000000000e+03 1.213971257209777832e+00
1.040000000000000000e+03 1.219362139701843262e+00
1.041000000000000000e+03 1.192942261695861816e+00
1.042000000000000000e+03 1.228003144264221191e+00
1.043000000000000000e+03 1.231569528579711914e+00
1.044000000000000000e+03 1.240850567817687988e+00
1.045000000000000000e+03 1.229019641876220703e+00
1.046000000000000000e+03 1.240184068679809570e+00
1.047000000000000000e+03 1.209074020385742188e+00
1.048000000000000000e+03 1.242858171463012695e+00
1.049000000000000000e+03 1.262361407279968262e+00
1.050000000000000000e+03 1.255089163780212402e+00
1.051000000000000000e+03 1.262655019760131836e+00
1.052000000000000000e+03 1.260032176971435547e+00
1.053000000000000000e+03 1.256295084953308105e+00
1.054000000000000000e+03 1.220044374465942383e+00
1.055000000000000000e+03 1.232284545898437500e+00
1.056000000000000000e+03 1.250230312347412109e+00
1.057000000000000000e+03 1.230836033821105957e+00
1.058000000000000000e+03 1.258865594863891602e+00
1.059000000000000000e+03 1.267411112785339355e+00
1.060000000000000000e+03 1.243097186088562012e+00
1.061000000000000000e+03 1.276190042495727539e+00
1.062000000000000000e+03 1.261590957641601562e+00
1.063000000000000000e+03 1.247785210609436035e+00
1.064000000000000000e+03 1.234218239784240723e+00
1.065000000000000000e+03 1.240394592285156250e+00
1.066000000000000000e+03 1.253436803817749023e+00
1.067000000000000000e+03 1.263180851936340332e+00
1.068000000000000000e+03 1.222561120986938477e+00
1.069000000000000000e+03 1.214911460876464844e+00
1.070000000000000000e+03 1.238546371459960938e+00
1.071000000000000000e+03 1.263809204101562500e+00
1.072000000000000000e+03 1.265933990478515625e+00
1.073000000000000000e+03 1.236896157264709473e+00
1.074000000000000000e+03 1.218783617019653320e+00
1.075000000000000000e+03 1.237587571144104004e+00
1.076000000000000000e+03 1.241171956062316895e+00
1.077000000000000000e+03 1.232597827911376953e+00
1.078000000000000000e+03 1.229367494583129883e+00
1.079000000000000000e+03 1.239260196685791016e+00
1.080000000000000000e+03 1.198370099067687988e+00
1.081000000000000000e+03 1.211030364036560059e+00
1.082000000000000000e+03 1.201185941696166992e+00
1.083000000000000000e+03 1.201543688774108887e+00
1.084000000000000000e+03 1.227763891220092773e+00
1.085000000000000000e+03 1.216867685317993164e+00
1.086000000000000000e+03 1.246976613998413086e+00
1.087000000000000000e+03 1.239519476890563965e+00
1.088000000000000000e+03 1.261545658111572266e+00
1.089000000000000000e+03 1.247698903083801270e+00
1.090000000000000000e+03 1.251894235610961914e+00
1.091000000000000000e+03 1.248216390609741211e+00
1.092000000000000000e+03 1.248768091201782227e+00
1.093000000000000000e+03 1.264723062515258789e+00
1.094000000000000000e+03 1.274955511093139648e+00
1.095000000000000000e+03 1.235436320304870605e+00
1.096000000000000000e+03 1.261203885078430176e+00
1.097000000000000000e+03 1.243531584739685059e+00
1.098000000000000000e+03 1.297121763229370117e+00
1.099000000000000000e+03 1.293224453926086426e+00
1.100000000000000000e+03 1.260143280029296875e+00
1.101000000000000000e+03 1.216151118278503418e+00
1.102000000000000000e+03 1.224403381347656250e+00
1.103000000000000000e+03 1.255504250526428223e+00
1.104000000000000000e+03 1.240481853485107422e+00
1.105000000000000000e+03 1.223708510398864746e+00
1.106000000000000000e+03 1.240249633789062500e+00
1.107000000000000000e+03 1.248272657394409180e+00
1.108000000000000000e+03 1.236512064933776855e+00
1.109000000000000000e+03 1.261729598045349121e+00
1.110000000000000000e+03 1.225961089134216309e+00
1.111000000000000000e+03 1.229225397109985352e+00
1.112000000000000000e+03 1.249274134635925293e+00
1.113000000000000000e+03 1.211830139160156250e+00
1.114000000000000000e+03 1.221811532974243164e+00
1.115000000000000000e+03 1.207905888557434082e+00
1.116000000000000000e+03 1.229743480682373047e+00
1.117000000000000000e+03 1.226387500762939453e+00
1.118000000000000000e+03 1.197907805442810059e+00
1.119000000000000000e+03 1.236001491546630859e+00
1.120000000000000000e+03 1.242376089096069336e+00
1.121000000000000000e+03 1.256558418273925781e+00
1.122000000000000000e+03 1.221784710884094238e+00
1.123000000000000000e+03 1.265440106391906738e+00
1.124000000000000000e+03 1.285762429237365723e+00
1.125000000000000000e+03 1.270406842231750488e+00
1.126000000000000000e+03 1.243166804313659668e+00
1.127000000000000000e+03 1.238648414611816406e+00
1.128000000000000000e+03 1.238434791564941406e+00
1.129000000000000000e+03 1.254369735717773438e+00
1.130000000000000000e+03 1.255844116210937500e+00
1.131000000000000000e+03 1.282426476478576660e+00
1.132000000000000000e+03 1.270670890808105469e+00
1.133000000000000000e+03 1.287057280540466309e+00
1.134000000000000000e+03 1.297767519950866699e+00
1.135000000000000000e+03 1.250735521316528320e+00
1.136000000000000000e+03 1.269642353057861328e+00
1.137000000000000000e+03 1.230765223503112793e+00
1.138000000000000000e+03 1.232216000556945801e+00
1.139000000000000000e+03 1.272438645362854004e+00
1.140000000000000000e+03 1.237025499343872070e+00
1.141000000000000000e+03 1.260411024093627930e+00
1.142000000000000000e+03 1.273013472557067871e+00
1.143000000000000000e+03 1.237900376319885254e+00
1.144000000000000000e+03 1.256221413612365723e+00
1.145000000000000000e+03 1.256646633148193359e+00
1.146000000000000000e+03 1.254844188690185547e+00
1.147000000000000000e+03 1.313923716545104980e+00
1.148000000000000000e+03 1.284727811813354492e+00
1.149000000000000000e+03 1.262366533279418945e+00
1.150000000000000000e+03 1.311299204826354980e+00
1.151000000000000000e+03 1.296557426452636719e+00
1.152000000000000000e+03 1.289429187774658203e+00
1.153000000000000000e+03 1.249733209609985352e+00
1.154000000000000000e+03 1.286368489265441895e+00
1.155000000000000000e+03 1.262754082679748535e+00
1.156000000000000000e+03 1.282916545867919922e+00
1.157000000000000000e+03 1.252378225326538086e+00
1.158000000000000000e+03 1.279449462890625000e+00
1.159000000000000000e+03 1.284336090087890625e+00
1.160000000000000000e+03 1.257783293724060059e+00
1.161000000000000000e+03 1.263022899627685547e+00
1.162000000000000000e+03 1.269844055175781250e+00
1.163000000000000000e+03 1.280212521553039551e+00
1.164000000000000000e+03 1.248037934303283691e+00
1.165000000000000000e+03 1.259173274040222168e+00
1.166000000000000000e+03 1.259802579879760742e+00
1.167000000000000000e+03 1.218674182891845703e+00
1.168000000000000000e+03 1.228398561477661133e+00
1.169000000000000000e+03 1.238297939300537109e+00
1.170000000000000000e+03 1.247349143028259277e+00
1.171000000000000000e+03 1.224059939384460449e+00
1.172000000000000000e+03 1.233748912811279297e+00
1.173000000000000000e+03 1.250031471252441406e+00
1.174000000000000000e+03 1.296926736831665039e+00
1.175000000000000000e+03 1.254555463790893555e+00
1.176000000000000000e+03 1.261631250381469727e+00
1.177000000000000000e+03 1.233792066574096680e+00
1.178000000000000000e+03 1.245779275894165039e+00
1.179000000000000000e+03 1.232745528221130371e+00
1.180000000000000000e+03 1.237907171249389648e+00
1.181000000000000000e+03 1.249664664268493652e+00
1.182000000000000000e+03 1.230605006217956543e+00
1.183000000000000000e+03 1.233818650245666504e+00
1.184000000000000000e+03 1.274189710617065430e+00
1.185000000000000000e+03 1.270570278167724609e+00
1.186000000000000000e+03 1.268110036849975586e+00
1.187000000000000000e+03 1.253196001052856445e+00
1.188000000000000000e+03 1.258099794387817383e+00
1.189000000000000000e+03 1.254265308380126953e+00
1.190000000000000000e+03 1.254127502441406250e+00
1.191000000000000000e+03 1.243335247039794922e+00
1.192000000000000000e+03 1.237946629524230957e+00
1.193000000000000000e+03 1.243211269378662109e+00
1.194000000000000000e+03 1.255041360855102539e+00
1.195000000000000000e+03 1.269206166267395020e+00
1.196000000000000000e+03 1.274961829185485840e+00
1.197000000000000000e+03 1.259729623794555664e+00
1.198000000000000000e+03 1.240399956703186035e+00
1.199000000000000000e+03 1.233747243881225586e+00
1.200000000000000000e+03 1.205949902534484863e+00
1.201000000000000000e+03 1.220439553260803223e+00
1.202000000000000000e+03 1.241249561309814453e+00
1.203000000000000000e+03 1.239888906478881836e+00
1.204000000000000000e+03 1.267807006835937500e+00
1.205000000000000000e+03 1.236222743988037109e+00
1.206000000000000000e+03 1.219903111457824707e+00
1.207000000000000000e+03 1.246838331222534180e+00
1.208000000000000000e+03 1.230716109275817871e+00
1.209000000000000000e+03 1.244831085205078125e+00
1.210000000000000000e+03 1.272475600242614746e+00
1.211000000000000000e+03 1.268369197845458984e+00
1.212000000000000000e+03 1.231960177421569824e+00
1.213000000000000000e+03 1.204496979713439941e+00
1.214000000000000000e+03 1.225775480270385742e+00
1.215000000000000000e+03 1.267476797103881836e+00
1.216000000000000000e+03 1.273766994476318359e+00
1.217000000000000000e+03 1.273644328117370605e+00
1.218000000000000000e+03 1.239555597305297852e+00
1.219000000000000000e+03 1.213249325752258301e+00
1.220000000000000000e+03 1.258978366851806641e+00
1.221000000000000000e+03 1.218926191329956055e+00
1.222000000000000000e+03 1.223693966865539551e+00
1.223000000000000000e+03 1.273518085479736328e+00
1.224000000000000000e+03 1.232692956924438477e+00
1.225000000000000000e+03 1.193336725234985352e+00
1.226000000000000000e+03 1.265622735023498535e+00
1.227000000000000000e+03 1.248510599136352539e+00
1.228000000000000000e+03 1.210733890533447266e+00
1.229000000000000000e+03 1.210191607475280762e+00
1.230000000000000000e+03 1.191515326499938965e+00
1.231000000000000000e+03 1.236817598342895508e+00
1.232000000000000000e+03 1.231800317764282227e+00
1.233000000000000000e+03 1.190748810768127441e+00
1.234000000000000000e+03 1.213452458381652832e+00
1.235000000000000000e+03 1.242750883102416992e+00
1.236000000000000000e+03 1.220136046409606934e+00
1.237000000000000000e+03 1.219719052314758301e+00
1.238000000000000000e+03 1.227041840553283691e+00
1.239000000000000000e+03 1.203735589981079102e+00
1.240000000000000000e+03 1.221974372863769531e+00
1.241000000000000000e+03 1.232815504074096680e+00
1.242000000000000000e+03 1.236383438110351562e+00
1.243000000000000000e+03 1.239547610282897949e+00
1.244000000000000000e+03 1.235257267951965332e+00
1.245000000000000000e+03 1.212044000625610352e+00
1.246000000000000000e+03 1.225299715995788574e+00
1.247000000000000000e+03 1.235769510269165039e+00
1.248000000000000000e+03 1.272883415222167969e+00
1.249000000000000000e+03 1.228144168853759766e+00
1.250000000000000000e+03 1.205844402313232422e+00
1.251000000000000000e+03 1.247365355491638184e+00
1.252000000000000000e+03 1.212973117828369141e+00
1.253000000000000000e+03 1.237505197525024414e+00
1.254000000000000000e+03 1.215874791145324707e+00
1.255000000000000000e+03 1.213984012603759766e+00
1.256000000000000000e+03 1.206318378448486328e+00
1.257000000000000000e+03 1.212391972541809082e+00
1.258000000000000000e+03 1.243915677070617676e+00
1.259000000000000000e+03 1.244296312332153320e+00
1.260000000000000000e+03 1.186724185943603516e+00
1.261000000000000000e+03 1.235251307487487793e+00
1.262000000000000000e+03 1.267715215682983398e+00
1.263000000000000000e+03 1.297033548355102539e+00
1.264000000000000000e+03 1.256034255027770996e+00
1.265000000000000000e+03 1.199159383773803711e+00
1.266000000000000000e+03 1.236409425735473633e+00
1.267000000000000000e+03 1.199836850166320801e+00
1.268000000000000000e+03 1.200808882713317871e+00
1.269000000000000000e+03 1.204331159591674805e+00
1.270000000000000000e+03 1.217127799987792969e+00
1.271000000000000000e+03 1.276232361793518066e+00
1.272000000000000000e+03 1.238930702209472656e+00
1.273000000000000000e+03 1.258460760116577148e+00
1.274000000000000000e+03 1.239967703819274902e+00
1.275000000000000000e+03 1.268332719802856445e+00
1.276000000000000000e+03 1.284268140792846680e+00
1.277000000000000000e+03 1.246000528335571289e+00
1.278000000000000000e+03 1.261378407478332520e+00
1.279000000000000000e+03 1.241700768470764160e+00
1.280000000000000000e+03 1.259218215942382812e+00
1.281000000000000000e+03 1.236105918884277344e+00
1.282000000000000000e+03 1.216636180877685547e+00
1.283000000000000000e+03 1.238827824592590332e+00
1.284000000000000000e+03 1.261979341506958008e+00
1.285000000000000000e+03 1.244354486465454102e+00
1.286000000000000000e+03 1.262923479080200195e+00
1.287000000000000000e+03 1.242431282997131348e+00
1.288000000000000000e+03 1.257808804512023926e+00
1.289000000000000000e+03 1.230346441268920898e+00
1.290000000000000000e+03 1.230888843536376953e+00
1.291000000000000000e+03 1.237043380737304688e+00
1.292000000000000000e+03 1.217791914939880371e+00
1.293000000000000000e+03 1.221950769424438477e+00
1.294000000000000000e+03 1.226514935493469238e+00
1.295000000000000000e+03 1.204121351242065430e+00
1.296000000000000000e+03 1.255063176155090332e+00
1.297000000000000000e+03 1.179573059082031250e+00
1.298000000000000000e+03 1.251120805740356445e+00
1.299000000000000000e+03 1.241446256637573242e+00
1.300000000000000000e+03 1.232193350791931152e+00
1.301000000000000000e+03 1.241677761077880859e+00
1.302000000000000000e+03 1.238309264183044434e+00
1.303000000000000000e+03 1.280549407005310059e+00
1.304000000000000000e+03 1.241300344467163086e+00
1.305000000000000000e+03 1.261781334877014160e+00
1.306000000000000000e+03 1.233775973320007324e+00
1.307000000000000000e+03 1.278003096580505371e+00
1.308000000000000000e+03 1.229034423828125000e+00
1.309000000000000000e+03 1.244213104248046875e+00
1.310000000000000000e+03 1.217759728431701660e+00
1.311000000000000000e+03 1.216113686561584473e+00
1.312000000000000000e+03 1.239375114440917969e+00
1.313000000000000000e+03 1.235347509384155273e+00
1.314000000000000000e+03 1.242813348770141602e+00
1.315000000000000000e+03 1.234492540359497070e+00
1.316000000000000000e+03 1.250593304634094238e+00
1.317000000000000000e+03 1.233649849891662598e+00
1.318000000000000000e+03 1.198650836944580078e+00
1.319000000000000000e+03 1.188432931900024414e+00
1.320000000000000000e+03 1.209491491317749023e+00
1.321000000000000000e+03 1.208492755889892578e+00
1.322000000000000000e+03 1.256188154220581055e+00
1.323000000000000000e+03 1.261712789535522461e+00
1.324000000000000000e+03 1.264306783676147461e+00
1.325000000000000000e+03 1.247374773025512695e+00
1.326000000000000000e+03 1.233309030532836914e+00
1.327000000000000000e+03 1.228692412376403809e+00
1.328000000000000000e+03 1.213740229606628418e+00
1.329000000000000000e+03 1.264294028282165527e+00
1.330000000000000000e+03 1.238807201385498047e+00
1.331000000000000000e+03 1.238747000694274902e+00
1.332000000000000000e+03 1.214077830314636230e+00
1.333000000000000000e+03 1.225600719451904297e+00
1.334000000000000000e+03 1.203151702880859375e+00
1.335000000000000000e+03 1.207571506500244141e+00
1.336000000000000000e+03 1.195817112922668457e+00
1.337000000000000000e+03 1.241619586944580078e+00
1.338000000000000000e+03 1.215925335884094238e+00
1.339000000000000000e+03 1.218757629394531250e+00
1.340000000000000000e+03 1.224974989891052246e+00
1.341000000000000000e+03 1.207051992416381836e+00
1.342000000000000000e+03 1.219627141952514648e+00
1.343000000000000000e+03 1.223894596099853516e+00
1.344000000000000000e+03 1.208143234252929688e+00
1.345000000000000000e+03 1.230569601058959961e+00
1.346000000000000000e+03 1.228368282318115234e+00
1.347000000000000000e+03 1.221604585647583008e+00
1.348000000000000000e+03 1.252063989639282227e+00
1.349000000000000000e+03 1.228623390197753906e+00
1.350000000000000000e+03 1.248374462127685547e+00
1.351000000000000000e+03 1.248504161834716797e+00
1.352000000000000000e+03 1.256979823112487793e+00
1.353000000000000000e+03 1.242945432662963867e+00
1.354000000000000000e+03 1.238568305969238281e+00
1.355000000000000000e+03 1.237574458122253418e+00
1.356000000000000000e+03 1.254372000694274902e+00
1.357000000000000000e+03 1.240300774574279785e+00
1.358000000000000000e+03 1.224423050880432129e+00
1.359000000000000000e+03 1.233884572982788086e+00
1.360000000000000000e+03 1.246693134307861328e+00
1.361000000000000000e+03 1.246809720993041992e+00
1.362000000000000000e+03 1.218933820724487305e+00
1.363000000000000000e+03 1.234424114227294922e+00
1.364000000000000000e+03 1.207087993621826172e+00
1.365000000000000000e+03 1.232007026672363281e+00
1.366000000000000000e+03 1.206368446350097656e+00
1.367000000000000000e+03 1.218926787376403809e+00
1.368000000000000000e+03 1.207484245300292969e+00
1.369000000000000000e+03 1.224453687667846680e+00
1.370000000000000000e+03 1.255151391029357910e+00
1.371000000000000000e+03 1.236848831176757812e+00
1.372000000000000000e+03 1.240045189857482910e+00
1.373000000000000000e+03 1.226211786270141602e+00
1.374000000000000000e+03 1.252440571784973145e+00
1.375000000000000000e+03 1.232217550277709961e+00
1.376000000000000000e+03 1.207292079925537109e+00
1.377000000000000000e+03 1.238894701004028320e+00
1.378000000000000000e+03 1.220100402832031250e+00
1.379000000000000000e+03 1.221494674682617188e+00
1.380000000000000000e+03 1.229855060577392578e+00
1.381000000000000000e+03 1.194087862968444824e+00
1.382000000000000000e+03 1.244148254394531250e+00
1.383000000000000000e+03 1.214533805847167969e+00
1.384000000000000000e+03 1.242847800254821777e+00
1.385000000000000000e+03 1.233165740966796875e+00
1.386000000000000000e+03 1.195952892303466797e+00
1.387000000000000000e+03 1.185613989830017090e+00
1.388000000000000000e+03 1.206191658973693848e+00
1.389000000000000000e+03 1.217129707336425781e+00
1.390000000000000000e+03 1.220534801483154297e+00
1.391000000000000000e+03 1.211561918258666992e+00
1.392000000000000000e+03 1.227210879325866699e+00
1.393000000000000000e+03 1.236435770988464355e+00
1.394000000000000000e+03 1.231607913970947266e+00
1.395000000000000000e+03 1.211866855621337891e+00
1.396000000000000000e+03 1.222131490707397461e+00
1.397000000000000000e+03 1.239976406097412109e+00
1.398000000000000000e+03 1.244336962699890137e+00
1.399000000000000000e+03 1.244187116622924805e+00
1.400000000000000000e+03 1.245535254478454590e+00
1.401000000000000000e+03 1.209367513656616211e+00
1.402000000000000000e+03 1.256101965904235840e+00
1.403000000000000000e+03 1.245165228843688965e+00
1.404000000000000000e+03 1.232653021812438965e+00
1.405000000000000000e+03 1.232176780700683594e+00
1.406000000000000000e+03 1.226550340652465820e+00
1.407000000000000000e+03 1.268857598304748535e+00
1.408000000000000000e+03 1.243117570877075195e+00
1.409000000000000000e+03 1.219893455505371094e+00
1.410000000000000000e+03 1.212918400764465332e+00
1.411000000000000000e+03 1.237681388854980469e+00
1.412000000000000000e+03 1.254516005516052246e+00
1.413000000000000000e+03 1.265872359275817871e+00
1.414000000000000000e+03 1.221843123435974121e+00
1.415000000000000000e+03 1.223493456840515137e+00
1.416000000000000000e+03 1.217282295227050781e+00
1.417000000000000000e+03 1.258977532386779785e+00
1.418000000000000000e+03 1.209915280342102051e+00
1.419000000000000000e+03 1.221411824226379395e+00
1.420000000000000000e+03 1.256584167480468750e+00
1.421000000000000000e+03 1.262349247932434082e+00
1.422000000000000000e+03 1.244847297668457031e+00
1.423000000000000000e+03 1.260594010353088379e+00
1.424000000000000000e+03 1.266880512237548828e+00
1.425000000000000000e+03 1.243976116180419922e+00
1.426000000000000000e+03 1.245518207550048828e+00
1.427000000000000000e+03 1.253764867782592773e+00
1.428000000000000000e+03 1.263287425041198730e+00
1.429000000000000000e+03 1.275333523750305176e+00
1.430000000000000000e+03 1.261602163314819336e+00
1.431000000000000000e+03 1.247963905334472656e+00
1.432000000000000000e+03 1.243829011917114258e+00
1.433000000000000000e+03 1.278195619583129883e+00
1.434000000000000000e+03 1.230537533760070801e+00
1.435000000000000000e+03 1.242122769355773926e+00
1.436000000000000000e+03 1.244762420654296875e+00
1.437000000000000000e+03 1.284986019134521484e+00
1.438000000000000000e+03 1.278898715972900391e+00
1.439000000000000000e+03 1.259789109230041504e+00
1.440000000000000000e+03 1.268681049346923828e+00
1.441000000000000000e+03 1.264152050018310547e+00
1.442000000000000000e+03 1.243929743766784668e+00
1.443000000000000000e+03 1.229592084884643555e+00
1.444000000000000000e+03 1.239121675491333008e+00
1.445000000000000000e+03 1.256376028060913086e+00
1.446000000000000000e+03 1.272791385650634766e+00
1.447000000000000000e+03 1.231004476547241211e+00
1.448000000000000000e+03 1.244345784187316895e+00
1.449000000000000000e+03 1.242218136787414551e+00
1.450000000000000000e+03 1.248334884643554688e+00
1.451000000000000000e+03 1.226051688194274902e+00
1.452000000000000000e+03 1.241271495819091797e+00
1.453000000000000000e+03 1.243549704551696777e+00
1.454000000000000000e+03 1.204910278320312500e+00
1.455000000000000000e+03 1.218989253044128418e+00
1.456000000000000000e+03 1.222694516181945801e+00
1.457000000000000000e+03 1.234212875366210938e+00
1.458000000000000000e+03 1.238041520118713379e+00
1.459000000000000000e+03 1.228215813636779785e+00
1.460000000000000000e+03 1.231423735618591309e+00
1.461000000000000000e+03 1.240321636199951172e+00
1.462000000000000000e+03 1.234119176864624023e+00
1.463000000000000000e+03 1.270534276962280273e+00
1.464000000000000000e+03 1.232947230339050293e+00
1.465000000000000000e+03 1.261124134063720703e+00
1.466000000000000000e+03 1.254775524139404297e+00
1.467000000000000000e+03 1.240149974822998047e+00
1.468000000000000000e+03 1.259676218032836914e+00
1.469000000000000000e+03 1.261953353881835938e+00
1.470000000000000000e+03 1.245993614196777344e+00
1.471000000000000000e+03 1.234844923019409180e+00
1.472000000000000000e+03 1.260622501373291016e+00
1.473000000000000000e+03 1.233987450599670410e+00
1.474000000000000000e+03 1.237690448760986328e+00
1.475000000000000000e+03 1.214968204498291016e+00
1.476000000000000000e+03 1.237788319587707520e+00
1.477000000000000000e+03 1.247920513153076172e+00
1.478000000000000000e+03 1.246533036231994629e+00
1.479000000000000000e+03 1.239210486412048340e+00
1.480000000000000000e+03 1.221065521240234375e+00
1.481000000000000000e+03 1.263383388519287109e+00
1.482000000000000000e+03 1.236477732658386230e+00
1.483000000000000000e+03 1.210386157035827637e+00
1.484000000000000000e+03 1.253499746322631836e+00
1.485000000000000000e+03 1.253009557723999023e+00
1.486000000000000000e+03 1.231823205947875977e+00
1.487000000000000000e+03 1.253141999244689941e+00
1.488000000000000000e+03 1.234760999679565430e+00
1.489000000000000000e+03 1.231499433517456055e+00
1.490000000000000000e+03 1.252044320106506348e+00
1.491000000000000000e+03 1.261771798133850098e+00
1.492000000000000000e+03 1.241883754730224609e+00
1.493000000000000000e+03 1.239106535911560059e+00
1.494000000000000000e+03 1.213968515396118164e+00
1.495000000000000000e+03 1.228538870811462402e+00
1.496000000000000000e+03 1.180286884307861328e+00
1.497000000000000000e+03 1.206837177276611328e+00
1.498000000000000000e+03 1.219504475593566895e+00
1.499000000000000000e+03 1.197343707084655762e+00
1.500000000000000000e+03 1.184891343116760254e+00
1.501000000000000000e+03 1.215168595314025879e+00
1.502000000000000000e+03 1.239793062210083008e+00
1.503000000000000000e+03 1.217593431472778320e+00
1.504000000000000000e+03 1.213820576667785645e+00
1.505000000000000000e+03 1.208875417709350586e+00
1.506000000000000000e+03 1.181609392166137695e+00
1.507000000000000000e+03 1.214644551277160645e+00
1.508000000000000000e+03 1.222960710525512695e+00
1.509000000000000000e+03 1.235693454742431641e+00
1.510000000000000000e+03 1.255819201469421387e+00
1.511000000000000000e+03 1.261261940002441406e+00
1.512000000000000000e+03 1.237494826316833496e+00
1.513000000000000000e+03 1.224642276763916016e+00
1.514000000000000000e+03 1.221153974533081055e+00
1.515000000000000000e+03 1.219558000564575195e+00
1.516000000000000000e+03 1.230295896530151367e+00
1.517000000000000000e+03 1.268588066101074219e+00
1.518000000000000000e+03 1.231703996658325195e+00
1.519000000000000000e+03 1.246022224426269531e+00
1.520000000000000000e+03 1.243862867355346680e+00
1.521000000000000000e+03 1.216763019561767578e+00
1.522000000000000000e+03 1.231762528419494629e+00
1.523000000000000000e+03 1.232984185218811035e+00
1.524000000000000000e+03 1.221868157386779785e+00
1.525000000000000000e+03 1.187059402465820312e+00
1.526000000000000000e+03 1.237493395805358887e+00
1.527000000000000000e+03 1.202625513076782227e+00
1.528000000000000000e+03 1.253114104270935059e+00
1.529000000000000000e+03 1.206710934638977051e+00
1.530000000000000000e+03 1.212449193000793457e+00
1.531000000000000000e+03 1.233147382736206055e+00
1.532000000000000000e+03 1.232699155807495117e+00
1.533000000000000000e+03 1.256670355796813965e+00
1.534000000000000000e+03 1.211015820503234863e+00
1.535000000000000000e+03 1.237972617149353027e+00
1.536000000000000000e+03 1.237162113189697266e+00
1.537000000000000000e+03 1.234738588333129883e+00
1.538000000000000000e+03 1.241207122802734375e+00
1.539000000000000000e+03 1.259312987327575684e+00
1.540000000000000000e+03 1.239309906959533691e+00
1.541000000000000000e+03 1.269842147827148438e+00
1.542000000000000000e+03 1.250025749206542969e+00
1.543000000000000000e+03 1.222397327423095703e+00
1.544000000000000000e+03 1.215712666511535645e+00
1.545000000000000000e+03 1.218324422836303711e+00
1.546000000000000000e+03 1.202008485794067383e+00
1.547000000000000000e+03 1.248187541961669922e+00
1.548000000000000000e+03 1.218221426010131836e+00
1.549000000000000000e+03 1.256714105606079102e+00
1.550000000000000000e+03 1.237795352935791016e+00
1.551000000000000000e+03 1.225118756294250488e+00
1.552000000000000000e+03 1.252457857131958008e+00
1.553000000000000000e+03 1.240335464477539062e+00
1.554000000000000000e+03 1.266873002052307129e+00
1.555000000000000000e+03 1.254845261573791504e+00
1.556000000000000000e+03 1.255872368812561035e+00
1.557000000000000000e+03 1.259707927703857422e+00
1.558000000000000000e+03 1.234550714492797852e+00
1.559000000000000000e+03 1.215092301368713379e+00
1.560000000000000000e+03 1.212463259696960449e+00
1.561000000000000000e+03 1.213591098785400391e+00
1.562000000000000000e+03 1.227936387062072754e+00
1.563000000000000000e+03 1.203991532325744629e+00
1.564000000000000000e+03 1.222259283065795898e+00
1.565000000000000000e+03 1.195881843566894531e+00
1.566000000000000000e+03 1.227025866508483887e+00
1.567000000000000000e+03 1.234465956687927246e+00
1.568000000000000000e+03 1.245641708374023438e+00
1.569000000000000000e+03 1.225420713424682617e+00
1.570000000000000000e+03 1.233153820037841797e+00
1.571000000000000000e+03 1.258034944534301758e+00
1.572000000000000000e+03 1.247810482978820801e+00
1.573000000000000000e+03 1.257843971252441406e+00
1.574000000000000000e+03 1.249529957771301270e+00
1.575000000000000000e+03 1.231764316558837891e+00
1.576000000000000000e+03 1.213876247406005859e+00
1.577000000000000000e+03 1.244817495346069336e+00
1.578000000000000000e+03 1.228494882583618164e+00
1.579000000000000000e+03 1.213363409042358398e+00
1.580000000000000000e+03 1.229061841964721680e+00
1.581000000000000000e+03 1.219305038452148438e+00
1.582000000000000000e+03 1.207822561264038086e+00
1.583000000000000000e+03 1.201457381248474121e+00
1.584000000000000000e+03 1.263023257255554199e+00
1.585000000000000000e+03 1.244664788246154785e+00
1.586000000000000000e+03 1.232491016387939453e+00
1.587000000000000000e+03 1.213147521018981934e+00
1.588000000000000000e+03 1.239334702491760254e+00
1.589000000000000000e+03 1.231256723403930664e+00
1.590000000000000000e+03 1.233190536499023438e+00
1.591000000000000000e+03 1.206224083900451660e+00
1.592000000000000000e+03 1.210163712501525879e+00
1.593000000000000000e+03 1.240361332893371582e+00
1.594000000000000000e+03 1.244040608406066895e+00
1.595000000000000000e+03 1.235767602920532227e+00
1.596000000000000000e+03 1.215322375297546387e+00
1.597000000000000000e+03 1.192312598228454590e+00
1.598000000000000000e+03 1.190195918083190918e+00
1.599000000000000000e+03 1.207970619201660156e+00
1.600000000000000000e+03 1.212921977043151855e+00
1.601000000000000000e+03 1.227214097976684570e+00
1.602000000000000000e+03 1.238285779953002930e+00
1.603000000000000000e+03 1.242883682250976562e+00
1.604000000000000000e+03 1.223269104957580566e+00
1.605000000000000000e+03 1.229866981506347656e+00
1.606000000000000000e+03 1.250416994094848633e+00
1.607000000000000000e+03 1.202417731285095215e+00
1.608000000000000000e+03 1.223466634750366211e+00
1.609000000000000000e+03 1.220671176910400391e+00
1.610000000000000000e+03 1.213975667953491211e+00
1.611000000000000000e+03 1.244119524955749512e+00
1.612000000000000000e+03 1.224661350250244141e+00
1.613000000000000000e+03 1.186303257942199707e+00
1.614000000000000000e+03 1.207226991653442383e+00
1.615000000000000000e+03 1.221301555633544922e+00
1.616000000000000000e+03 1.207168102264404297e+00
1.617000000000000000e+03 1.216821432113647461e+00
1.618000000000000000e+03 1.215751409530639648e+00
1.619000000000000000e+03 1.267801761627197266e+00
1.620000000000000000e+03 1.236908912658691406e+00
1.621000000000000000e+03 1.245631098747253418e+00
1.622000000000000000e+03 1.255452632904052734e+00
1.623000000000000000e+03 1.200308322906494141e+00
1.624000000000000000e+03 1.184626579284667969e+00
1.625000000000000000e+03 1.208835721015930176e+00
1.626000000000000000e+03 1.213150501251220703e+00
1.627000000000000000e+03 1.260368943214416504e+00
1.628000000000000000e+03 1.255774497985839844e+00
1.629000000000000000e+03 1.241721630096435547e+00
1.630000000000000000e+03 1.222613215446472168e+00
1.631000000000000000e+03 1.261480450630187988e+00
1.632000000000000000e+03 1.250563621520996094e+00
1.633000000000000000e+03 1.249108791351318359e+00
1.634000000000000000e+03 1.233974099159240723e+00
1.635000000000000000e+03 1.269039869308471680e+00
1.636000000000000000e+03 1.263855218887329102e+00
1.637000000000000000e+03 1.204443454742431641e+00
1.638000000000000000e+03 1.198116898536682129e+00
1.639000000000000000e+03 1.229560017585754395e+00
1.640000000000000000e+03 1.223376631736755371e+00
1.641000000000000000e+03 1.235505461692810059e+00
1.642000000000000000e+03 1.257941722869873047e+00
1.643000000000000000e+03 1.255245447158813477e+00
1.644000000000000000e+03 1.277724504470825195e+00
1.645000000000000000e+03 1.277374029159545898e+00
1.646000000000000000e+03 1.288239955902099609e+00
1.647000000000000000e+03 1.256048202514648438e+00
1.648000000000000000e+03 1.264324903488159180e+00
1.649000000000000000e+03 1.241403579711914062e+00
1.650000000000000000e+03 1.270184278488159180e+00
1.651000000000000000e+03 1.270252466201782227e+00
1.652000000000000000e+03 1.249721050262451172e+00
1.653000000000000000e+03 1.269830703735351562e+00
1.654000000000000000e+03 1.281146526336669922e+00
1.655000000000000000e+03 1.251274108886718750e+00
1.656000000000000000e+03 1.277496218681335449e+00
1.657000000000000000e+03 1.234349250793457031e+00
1.658000000000000000e+03 1.248885631561279297e+00
1.659000000000000000e+03 1.215195655822753906e+00
1.660000000000000000e+03 1.216152071952819824e+00
1.661000000000000000e+03 1.211699843406677246e+00
1.662000000000000000e+03 1.215163588523864746e+00
1.663000000000000000e+03 1.218462705612182617e+00
1.664000000000000000e+03 1.226618766784667969e+00
1.665000000000000000e+03 1.249921679496765137e+00
1.666000000000000000e+03 1.238134384155273438e+00
1.667000000000000000e+03 1.245524764060974121e+00
1.668000000000000000e+03 1.248031497001647949e+00
1.669000000000000000e+03 1.225319862365722656e+00
1.670000000000000000e+03 1.225659489631652832e+00
1.671000000000000000e+03 1.241394281387329102e+00
1.672000000000000000e+03 1.239663481712341309e+00
1.673000000000000000e+03 1.239522457122802734e+00
1.674000000000000000e+03 1.263172149658203125e+00
1.675000000000000000e+03 1.229815602302551270e+00
1.676000000000000000e+03 1.218259334564208984e+00
1.677000000000000000e+03 1.236220479011535645e+00
1.678000000000000000e+03 1.238921642303466797e+00
1.679000000000000000e+03 1.211645841598510742e+00
1.680000000000000000e+03 1.224953651428222656e+00
1.681000000000000000e+03 1.218952894210815430e+00
1.682000000000000000e+03 1.244736313819885254e+00
1.683000000000000000e+03 1.250157594680786133e+00
1.684000000000000000e+03 1.237670660018920898e+00
1.685000000000000000e+03 1.225144267082214355e+00
1.686000000000000000e+03 1.244648933410644531e+00
1.687000000000000000e+03 1.250211000442504883e+00
1.688000000000000000e+03 1.241529107093811035e+00
1.689000000000000000e+03 1.262416362762451172e+00
1.690000000000000000e+03 1.263956665992736816e+00
1.691000000000000000e+03 1.255420207977294922e+00
1.692000000000000000e+03 1.233489751815795898e+00
1.693000000000000000e+03 1.255595803260803223e+00
1.694000000000000000e+03 1.235482692718505859e+00
1.695000000000000000e+03 1.255083203315734863e+00
1.696000000000000000e+03 1.227631568908691406e+00
1.697000000000000000e+03 1.245705842971801758e+00
1.698000000000000000e+03 1.231231451034545898e+00
1.699000000000000000e+03 1.230821847915649414e+00
1.700000000000000000e+03 1.283463120460510254e+00
1.701000000000000000e+03 1.225175380706787109e+00
1.702000000000000000e+03 1.265822052955627441e+00
1.703000000000000000e+03 1.225322723388671875e+00
1.704000000000000000e+03 1.215698957443237305e+00
1.705000000000000000e+03 1.232557773590087891e+00
1.706000000000000000e+03 1.267799973487854004e+00
1.707000000000000000e+03 1.194227576255798340e+00
1.708000000000000000e+03 1.250925898551940918e+00
1.709000000000000000e+03 1.279198884963989258e+00
1.710000000000000000e+03 1.228453516960144043e+00
1.711000000000000000e+03 1.258525609970092773e+00
1.712000000000000000e+03 1.263487815856933594e+00
1.713000000000000000e+03 1.255283117294311523e+00
1.714000000000000000e+03 1.241379737854003906e+00
1.715000000000000000e+03 1.245639681816101074e+00
1.716000000000000000e+03 1.221527338027954102e+00
1.717000000000000000e+03 1.240013599395751953e+00
1.718000000000000000e+03 1.228257060050964355e+00
1.719000000000000000e+03 1.207181572914123535e+00
1.720000000000000000e+03 1.219706058502197266e+00
1.721000000000000000e+03 1.228607416152954102e+00
1.722000000000000000e+03 1.240509629249572754e+00
1.723000000000000000e+03 1.202747106552124023e+00
1.724000000000000000e+03 1.215174078941345215e+00
1.725000000000000000e+03 1.237631559371948242e+00
1.726000000000000000e+03 1.232648491859436035e+00
1.727000000000000000e+03 1.249591946601867676e+00
1.728000000000000000e+03 1.225332021713256836e+00
1.729000000000000000e+03 1.263107061386108398e+00
1.730000000000000000e+03 1.250517487525939941e+00
1.731000000000000000e+03 1.233060121536254883e+00
1.732000000000000000e+03 1.251199841499328613e+00
1.733000000000000000e+03 1.273675680160522461e+00
1.734000000000000000e+03 1.241862416267395020e+00
1.735000000000000000e+03 1.203084230422973633e+00
1.736000000000000000e+03 1.223220825195312500e+00
1.737000000000000000e+03 1.226323246955871582e+00
1.738000000000000000e+03 1.238267302513122559e+00
1.739000000000000000e+03 1.237519860267639160e+00
1.740000000000000000e+03 1.244272232055664062e+00
1.741000000000000000e+03 1.246216058731079102e+00
1.742000000000000000e+03 1.234519004821777344e+00
1.743000000000000000e+03 1.267953753471374512e+00
1.744000000000000000e+03 1.243519186973571777e+00
1.745000000000000000e+03 1.254858374595642090e+00
1.746000000000000000e+03 1.222992062568664551e+00
1.747000000000000000e+03 1.249581933021545410e+00
1.748000000000000000e+03 1.259307622909545898e+00
1.749000000000000000e+03 1.275340795516967773e+00
1.750000000000000000e+03 1.212375044822692871e+00
1.751000000000000000e+03 1.240780711174011230e+00
1.752000000000000000e+03 1.205049872398376465e+00
1.753000000000000000e+03 1.205971956253051758e+00
1.754000000000000000e+03 1.230561614036560059e+00
1.755000000000000000e+03 1.253557920455932617e+00
1.756000000000000000e+03 1.210662603378295898e+00
1.757000000000000000e+03 1.207633614540100098e+00
1.758000000000000000e+03 1.234210729598999023e+00
1.759000000000000000e+03 1.217158555984497070e+00
1.760000000000000000e+03 1.195840716361999512e+00
1.761000000000000000e+03 1.194937467575073242e+00
1.762000000000000000e+03 1.205686807632446289e+00
1.763000000000000000e+03 1.240658998489379883e+00
1.764000000000000000e+03 1.215611219406127930e+00
1.765000000000000000e+03 1.229671120643615723e+00
1.766000000000000000e+03 1.226606249809265137e+00
1.767000000000000000e+03 1.230630397796630859e+00
1.768000000000000000e+03 1.211899638175964355e+00
1.769000000000000000e+03 1.196298956871032715e+00
1.770000000000000000e+03 1.220133662223815918e+00
1.771000000000000000e+03 1.194607615470886230e+00
1.772000000000000000e+03 1.207206487655639648e+00
1.773000000000000000e+03 1.185868501663208008e+00
1.774000000000000000e+03 1.230356335639953613e+00
1.775000000000000000e+03 1.212723255157470703e+00
1.776000000000000000e+03 1.242691278457641602e+00
1.777000000000000000e+03 1.210475444793701172e+00
1.778000000000000000e+03 1.227374076843261719e+00
1.779000000000000000e+03 1.239221811294555664e+00
1.780000000000000000e+03 1.176814079284667969e+00
1.781000000000000000e+03 1.212677240371704102e+00
1.782000000000000000e+03 1.214671730995178223e+00
1.783000000000000000e+03 1.193197727203369141e+00
1.784000000000000000e+03 1.211794972419738770e+00
1.785000000000000000e+03 1.180901408195495605e+00
1.786000000000000000e+03 1.172875165939331055e+00
1.787000000000000000e+03 1.186761975288391113e+00
1.788000000000000000e+03 1.190971493721008301e+00
1.789000000000000000e+03 1.222550749778747559e+00
1.790000000000000000e+03 1.209629893302917480e+00
1.791000000000000000e+03 1.202016353607177734e+00
1.792000000000000000e+03 1.222028732299804688e+00
1.793000000000000000e+03 1.204988837242126465e+00
1.794000000000000000e+03 1.214279174804687500e+00
1.795000000000000000e+03 1.206333518028259277e+00
1.796000000000000000e+03 1.215026736259460449e+00
1.797000000000000000e+03 1.222832679748535156e+00
1.798000000000000000e+03 1.217348098754882812e+00
1.799000000000000000e+03 1.197919845581054688e+00
1.800000000000000000e+03 1.229158282279968262e+00
1.801000000000000000e+03 1.224463462829589844e+00
1.802000000000000000e+03 1.245799541473388672e+00
1.803000000000000000e+03 1.249777436256408691e+00
1.804000000000000000e+03 1.218953728675842285e+00
1.805000000000000000e+03 1.231953859329223633e+00
1.806000000000000000e+03 1.232487082481384277e+00
1.807000000000000000e+03 1.233177423477172852e+00
1.808000000000000000e+03 1.243944406509399414e+00
1.809000000000000000e+03 1.216964721679687500e+00
1.810000000000000000e+03 1.222209453582763672e+00
1.811000000000000000e+03 1.234878540039062500e+00
1.812000000000000000e+03 1.201642394065856934e+00
1.813000000000000000e+03 1.249300837516784668e+00
1.814000000000000000e+03 1.282703280448913574e+00
1.815000000000000000e+03 1.221774220466613770e+00
1.816000000000000000e+03 1.226986289024353027e+00
1.817000000000000000e+03 1.255027413368225098e+00
1.818000000000000000e+03 1.265780687332153320e+00
1.819000000000000000e+03 1.251126289367675781e+00
1.820000000000000000e+03 1.234117865562438965e+00
1.821000000000000000e+03 1.208018660545349121e+00
1.822000000000000000e+03 1.230666160583496094e+00
1.823000000000000000e+03 1.243697285652160645e+00
1.824000000000000000e+03 1.211972236633300781e+00
1.825000000000000000e+03 1.237051248550415039e+00
1.826000000000000000e+03 1.243838548660278320e+00
1.827000000000000000e+03 1.241739034652709961e+00
1.828000000000000000e+03 1.271607279777526855e+00
1.829000000000000000e+03 1.273307442665100098e+00
1.830000000000000000e+03 1.245581865310668945e+00
1.831000000000000000e+03 1.286498904228210449e+00
1.832000000000000000e+03 1.266678333282470703e+00
1.833000000000000000e+03 1.250055789947509766e+00
1.834000000000000000e+03 1.268134593963623047e+00
1.835000000000000000e+03 1.248214244842529297e+00
1.836000000000000000e+03 1.251198768615722656e+00
1.837000000000000000e+03 1.259864568710327148e+00
1.838000000000000000e+03 1.253173828125000000e+00
1.839000000000000000e+03 1.225390553474426270e+00
1.840000000000000000e+03 1.241229414939880371e+00
1.841000000000000000e+03 1.264954209327697754e+00
1.842000000000000000e+03 1.243141651153564453e+00
1.843000000000000000e+03 1.270673990249633789e+00
1.844000000000000000e+03 1.272221803665161133e+00
1.845000000000000000e+03 1.245455741882324219e+00
1.846000000000000000e+03 1.281311988830566406e+00
1.847000000000000000e+03 1.295783281326293945e+00
1.848000000000000000e+03 1.272912979125976562e+00
1.849000000000000000e+03 1.275179147720336914e+00
1.850000000000000000e+03 1.251496195793151855e+00
1.851000000000000000e+03 1.238442897796630859e+00
1.852000000000000000e+03 1.234532237052917480e+00
1.853000000000000000e+03 1.250247001647949219e+00
1.854000000000000000e+03 1.237449765205383301e+00
1.855000000000000000e+03 1.253642678260803223e+00
1.856000000000000000e+03 1.250724315643310547e+00
1.857000000000000000e+03 1.284315705299377441e+00
1.858000000000000000e+03 1.262956142425537109e+00
1.859000000000000000e+03 1.265578508377075195e+00
1.860000000000000000e+03 1.246898293495178223e+00
1.861000000000000000e+03 1.265743732452392578e+00
1.862000000000000000e+03 1.277739644050598145e+00
1.863000000000000000e+03 1.289295077323913574e+00
1.864000000000000000e+03 1.280748724937438965e+00
1.865000000000000000e+03 1.280075311660766602e+00
1.866000000000000000e+03 1.276850461959838867e+00
1.867000000000000000e+03 1.251239180564880371e+00
1.868000000000000000e+03 1.262047529220581055e+00
1.869000000000000000e+03 1.290762424468994141e+00
1.870000000000000000e+03 1.290155172348022461e+00
1.871000000000000000e+03 1.237337112426757812e+00
1.872000000000000000e+03 1.248083353042602539e+00
1.873000000000000000e+03 1.242102265357971191e+00
1.874000000000000000e+03 1.241472244262695312e+00
1.875000000000000000e+03 1.251541495323181152e+00
1.876000000000000000e+03 1.230952024459838867e+00
1.877000000000000000e+03 1.238639712333679199e+00
1.878000000000000000e+03 1.240285992622375488e+00
1.879000000000000000e+03 1.231592535972595215e+00
1.880000000000000000e+03 1.230154991149902344e+00
1.881000000000000000e+03 1.242128849029541016e+00
1.882000000000000000e+03 1.250716209411621094e+00
1.883000000000000000e+03 1.260285139083862305e+00
1.884000000000000000e+03 1.260414123535156250e+00
1.885000000000000000e+03 1.220337390899658203e+00
1.886000000000000000e+03 1.225960373878479004e+00
1.887000000000000000e+03 1.199693083763122559e+00
1.888000000000000000e+03 1.237160205841064453e+00
1.889000000000000000e+03 1.217332005500793457e+00
1.890000000000000000e+03 1.197333097457885742e+00
1.891000000000000000e+03 1.224166631698608398e+00
1.892000000000000000e+03 1.234115839004516602e+00
1.893000000000000000e+03 1.170912981033325195e+00
1.894000000000000000e+03 1.211251854896545410e+00
1.895000000000000000e+03 1.185272693634033203e+00
1.896000000000000000e+03 1.222891688346862793e+00
1.897000000000000000e+03 1.171071767807006836e+00
1.898000000000000000e+03 1.197960257530212402e+00
1.899000000000000000e+03 1.205704569816589355e+00
1.900000000000000000e+03 1.219155669212341309e+00
1.901000000000000000e+03 1.243918180465698242e+00
1.902000000000000000e+03 1.276960134506225586e+00
1.903000000000000000e+03 1.261715769767761230e+00
1.904000000000000000e+03 1.236433029174804688e+00
1.905000000000000000e+03 1.246225357055664062e+00
1.906000000000000000e+03 1.221590638160705566e+00
1.907000000000000000e+03 1.262468099594116211e+00
1.908000000000000000e+03 1.246883392333984375e+00
1.909000000000000000e+03 1.234033823013305664e+00
1.910000000000000000e+03 1.207158446311950684e+00
1.911000000000000000e+03 1.255435228347778320e+00
1.912000000000000000e+03 1.236861467361450195e+00
1.913000000000000000e+03 1.246844172477722168e+00
1.914000000000000000e+03 1.220940589904785156e+00
1.915000000000000000e+03 1.237499713897705078e+00
1.916000000000000000e+03 1.231793522834777832e+00
1.917000000000000000e+03 1.240831375122070312e+00
1.918000000000000000e+03 1.225119352340698242e+00
1.919000000000000000e+03 1.201984167098999023e+00
1.920000000000000000e+03 1.231869697570800781e+00
1.921000000000000000e+03 1.246881008148193359e+00
1.922000000000000000e+03 1.262733459472656250e+00
1.923000000000000000e+03 1.301431179046630859e+00
1.924000000000000000e+03 1.251904487609863281e+00
1.925000000000000000e+03 1.235398054122924805e+00
1.926000000000000000e+03 1.267273187637329102e+00
1.927000000000000000e+03 1.246557712554931641e+00
1.928000000000000000e+03 1.285264492034912109e+00
1.929000000000000000e+03 1.260914802551269531e+00
1.930000000000000000e+03 1.252611875534057617e+00
1.931000000000000000e+03 1.228189468383789062e+00
1.932000000000000000e+03 1.290674924850463867e+00
1.933000000000000000e+03 1.252401113510131836e+00
1.934000000000000000e+03 1.250499248504638672e+00
1.935000000000000000e+03 1.246371984481811523e+00
1.936000000000000000e+03 1.210618257522583008e+00
1.937000000000000000e+03 1.216763377189636230e+00
1.938000000000000000e+03 1.200444817543029785e+00
1.939000000000000000e+03 1.218862771987915039e+00
1.940000000000000000e+03 1.224005937576293945e+00
1.941000000000000000e+03 1.226777434349060059e+00
1.942000000000000000e+03 1.222707748413085938e+00
1.943000000000000000e+03 1.233796000480651855e+00
1.944000000000000000e+03 1.248681426048278809e+00
1.945000000000000000e+03 1.261130928993225098e+00
1.946000000000000000e+03 1.229962825775146484e+00
1.947000000000000000e+03 1.243787169456481934e+00
1.948000000000000000e+03 1.253556847572326660e+00
1.949000000000000000e+03 1.261195540428161621e+00
1.950000000000000000e+03 1.221604228019714355e+00
1.951000000000000000e+03 1.272392272949218750e+00
1.952000000000000000e+03 1.248459815979003906e+00
1.953000000000000000e+03 1.239175200462341309e+00
1.954000000000000000e+03 1.260065674781799316e+00
1.955000000000000000e+03 1.238168954849243164e+00
1.956000000000000000e+03 1.240738987922668457e+00
1.957000000000000000e+03 1.230161666870117188e+00
1.958000000000000000e+03 1.243717312812805176e+00
1.959000000000000000e+03 1.248035192489624023e+00
1.960000000000000000e+03 1.219993114471435547e+00
1.961000000000000000e+03 1.217975616455078125e+00
1.962000000000000000e+03 1.230943202972412109e+00
1.963000000000000000e+03 1.236127138137817383e+00
1.964000000000000000e+03 1.221499800682067871e+00
1.965000000000000000e+03 1.252792239189147949e+00
1.966000000000000000e+03 1.267270684242248535e+00
1.967000000000000000e+03 1.283594131469726562e+00
1.968000000000000000e+03 1.276510000228881836e+00
1.969000000000000000e+03 1.251495599746704102e+00
1.970000000000000000e+03 1.242113113403320312e+00
1.971000000000000000e+03 1.219482421875000000e+00
1.972000000000000000e+03 1.230320692062377930e+00
1.973000000000000000e+03 1.219450235366821289e+00
1.974000000000000000e+03 1.244240045547485352e+00
1.975000000000000000e+03 1.208879828453063965e+00
1.976000000000000000e+03 1.237932682037353516e+00
1.977000000000000000e+03 1.250649333000183105e+00
1.978000000000000000e+03 1.224654197692871094e+00
1.979000000000000000e+03 1.236158609390258789e+00
1.980000000000000000e+03 1.246893763542175293e+00
1.981000000000000000e+03 1.242098331451416016e+00
1.982000000000000000e+03 1.243409395217895508e+00
1.983000000000000000e+03 1.218376994132995605e+00
1.984000000000000000e+03 1.226850867271423340e+00
1.985000000000000000e+03 1.237174034118652344e+00
1.986000000000000000e+03 1.226603269577026367e+00
1.987000000000000000e+03 1.191143274307250977e+00
1.988000000000000000e+03 1.232494711875915527e+00
1.989000000000000000e+03 1.222423195838928223e+00
1.990000000000000000e+03 1.226905226707458496e+00
1.991000000000000000e+03 1.207196116447448730e+00
1.992000000000000000e+03 1.254569649696350098e+00
1.993000000000000000e+03 1.237495899200439453e+00
1.994000000000000000e+03 1.240676641464233398e+00
1.995000000000000000e+03 1.250178694725036621e+00
1.996000000000000000e+03 1.270712614059448242e+00
1.997000000000000000e+03 1.248232841491699219e+00
1.998000000000000000e+03 1.199225664138793945e+00
1.999000000000000000e+03 1.210296630859375000e+00
2.000000000000000000e+03 1.202208042144775391e+00
2.001000000000000000e+03 1.226470947265625000e+00
2.002000000000000000e+03 1.258007049560546875e+00
2.003000000000000000e+03 1.280005455017089844e+00
2.004000000000000000e+03 1.279297709465026855e+00
2.005000000000000000e+03 1.271407723426818848e+00
2.006000000000000000e+03 1.291003465652465820e+00
2.007000000000000000e+03 1.253039360046386719e+00
2.008000000000000000e+03 1.251975059509277344e+00
2.009000000000000000e+03 1.234547376632690430e+00
2.010000000000000000e+03 1.226198434829711914e+00
2.011000000000000000e+03 1.271472811698913574e+00
2.012000000000000000e+03 1.276366114616394043e+00
2.013000000000000000e+03 1.274191141128540039e+00
2.014000000000000000e+03 1.263126969337463379e+00
2.015000000000000000e+03 1.282756686210632324e+00
2.016000000000000000e+03 1.291511416435241699e+00
2.017000000000000000e+03 1.263164997100830078e+00
2.018000000000000000e+03 1.243906974792480469e+00
2.019000000000000000e+03 1.244289755821228027e+00
2.020000000000000000e+03 1.284084916114807129e+00
2.021000000000000000e+03 1.262708902359008789e+00
2.022000000000000000e+03 1.240680694580078125e+00
2.023000000000000000e+03 1.263239741325378418e+00
2.024000000000000000e+03 1.259507894515991211e+00
2.025000000000000000e+03 1.278298497200012207e+00
2.026000000000000000e+03 1.256068944931030273e+00
2.027000000000000000e+03 1.219531655311584473e+00
2.028000000000000000e+03 1.227768540382385254e+00
2.029000000000000000e+03 1.247709274291992188e+00
2.030000000000000000e+03 1.265807628631591797e+00
2.031000000000000000e+03 1.266540408134460449e+00
2.032000000000000000e+03 1.292552947998046875e+00
2.033000000000000000e+03 1.303459644317626953e+00
2.034000000000000000e+03 1.242996335029602051e+00
2.035000000000000000e+03 1.275867462158203125e+00
2.036000000000000000e+03 1.260116338729858398e+00
2.037000000000000000e+03 1.293626546859741211e+00
2.038000000000000000e+03 1.295823335647583008e+00
2.039000000000000000e+03 1.259328126907348633e+00
2.040000000000000000e+03 1.259661436080932617e+00
2.041000000000000000e+03 1.248125791549682617e+00
2.042000000000000000e+03 1.270983457565307617e+00
2.043000000000000000e+03 1.272837519645690918e+00
2.044000000000000000e+03 1.258691787719726562e+00
2.045000000000000000e+03 1.285218238830566406e+00
2.046000000000000000e+03 1.250222206115722656e+00
2.047000000000000000e+03 1.240607500076293945e+00
2.048000000000000000e+03 1.231890678405761719e+00
2.049000000000000000e+03 1.235984325408935547e+00
2.050000000000000000e+03 1.273577690124511719e+00
2.051000000000000000e+03 1.292801380157470703e+00
2.052000000000000000e+03 1.273638010025024414e+00
2.053000000000000000e+03 1.292242884635925293e+00
2.054000000000000000e+03 1.233949184417724609e+00
2.055000000000000000e+03 1.226160287857055664e+00
2.056000000000000000e+03 1.277010321617126465e+00
2.057000000000000000e+03 1.238008499145507812e+00
2.058000000000000000e+03 1.271236538887023926e+00
2.059000000000000000e+03 1.213878512382507324e+00
2.060000000000000000e+03 1.208936691284179688e+00
2.061000000000000000e+03 1.250748157501220703e+00
2.062000000000000000e+03 1.224615097045898438e+00
2.063000000000000000e+03 1.233634114265441895e+00
2.064000000000000000e+03 1.256691455841064453e+00
2.065000000000000000e+03 1.264457583427429199e+00
2.066000000000000000e+03 1.271674156188964844e+00
2.067000000000000000e+03 1.214045286178588867e+00
2.068000000000000000e+03 1.266826272010803223e+00
2.069000000000000000e+03 1.255795598030090332e+00
2.070000000000000000e+03 1.226139903068542480e+00
2.071000000000000000e+03 1.267925739288330078e+00
2.072000000000000000e+03 1.272103071212768555e+00
2.073000000000000000e+03 1.271091938018798828e+00
2.074000000000000000e+03 1.240832686424255371e+00
2.075000000000000000e+03 1.248438954353332520e+00
2.076000000000000000e+03 1.258831143379211426e+00
2.077000000000000000e+03 1.249095559120178223e+00
2.078000000000000000e+03 1.252521276473999023e+00
2.079000000000000000e+03 1.276118993759155273e+00
2.080000000000000000e+03 1.256011486053466797e+00
2.081000000000000000e+03 1.261372208595275879e+00
2.082000000000000000e+03 1.253087759017944336e+00
2.083000000000000000e+03 1.241725444793701172e+00
2.084000000000000000e+03 1.262581586837768555e+00
2.085000000000000000e+03 1.241411566734313965e+00
2.086000000000000000e+03 1.241533875465393066e+00
2.087000000000000000e+03 1.240828752517700195e+00
2.088000000000000000e+03 1.240153193473815918e+00
2.089000000000000000e+03 1.223673939704895020e+00
2.090000000000000000e+03 1.237461566925048828e+00
2.091000000000000000e+03 1.225735783576965332e+00
2.092000000000000000e+03 1.246512293815612793e+00
2.093000000000000000e+03 1.222410202026367188e+00
2.094000000000000000e+03 1.237158179283142090e+00
2.095000000000000000e+03 1.262632846832275391e+00
2.096000000000000000e+03 1.229291677474975586e+00
2.097000000000000000e+03 1.256134629249572754e+00
2.098000000000000000e+03 1.265409946441650391e+00
2.099000000000000000e+03 1.272493004798889160e+00
2.100000000000000000e+03 1.269449830055236816e+00
2.101000000000000000e+03 1.273121356964111328e+00
2.102000000000000000e+03 1.280460357666015625e+00
2.103000000000000000e+03 1.248637437820434570e+00
2.104000000000000000e+03 1.278125286102294922e+00
2.105000000000000000e+03 1.256343483924865723e+00
2.106000000000000000e+03 1.239070177078247070e+00
2.107000000000000000e+03 1.281394481658935547e+00
2.108000000000000000e+03 1.252699136734008789e+00
2.109000000000000000e+03 1.306450963020324707e+00
2.110000000000000000e+03 1.253788828849792480e+00
2.111000000000000000e+03 1.227706670761108398e+00
2.112000000000000000e+03 1.254797697067260742e+00
2.113000000000000000e+03 1.260874032974243164e+00
2.114000000000000000e+03 1.267044186592102051e+00
2.115000000000000000e+03 1.225019574165344238e+00
2.116000000000000000e+03 1.259302139282226562e+00
2.117000000000000000e+03 1.245444536209106445e+00
2.118000000000000000e+03 1.249867081642150879e+00
2.119000000000000000e+03 1.249413013458251953e+00
2.120000000000000000e+03 1.278922677040100098e+00
2.121000000000000000e+03 1.272247433662414551e+00
2.122000000000000000e+03 1.243725895881652832e+00
2.123000000000000000e+03 1.259094595909118652e+00
2.124000000000000000e+03 1.267076492309570312e+00
2.125000000000000000e+03 1.272429227828979492e+00
2.126000000000000000e+03 1.263333082199096680e+00
2.127000000000000000e+03 1.228673100471496582e+00
2.128000000000000000e+03 1.236607074737548828e+00
2.129000000000000000e+03 1.221244931221008301e+00
2.130000000000000000e+03 1.254433631896972656e+00
2.131000000000000000e+03 1.222270727157592773e+00
2.132000000000000000e+03 1.194648981094360352e+00
2.133000000000000000e+03 1.249411821365356445e+00
2.134000000000000000e+03 1.189339637756347656e+00
2.135000000000000000e+03 1.208566784858703613e+00
2.136000000000000000e+03 1.227831363677978516e+00
2.137000000000000000e+03 1.231942892074584961e+00
2.138000000000000000e+03 1.227480173110961914e+00
2.139000000000000000e+03 1.212678909301757812e+00
2.140000000000000000e+03 1.204693913459777832e+00
2.141000000000000000e+03 1.194981932640075684e+00
2.142000000000000000e+03 1.254070401191711426e+00
2.143000000000000000e+03 1.222506761550903320e+00
2.144000000000000000e+03 1.233213186264038086e+00
2.145000000000000000e+03 1.219428777694702148e+00
2.146000000000000000e+03 1.227217912673950195e+00
2.147000000000000000e+03 1.214439034461975098e+00
2.148000000000000000e+03 1.223886251449584961e+00
2.149000000000000000e+03 1.223397493362426758e+00
2.150000000000000000e+03 1.217626810073852539e+00
2.151000000000000000e+03 1.245350599288940430e+00
2.152000000000000000e+03 1.245077848434448242e+00
2.153000000000000000e+03 1.252767324447631836e+00
2.154000000000000000e+03 1.267593145370483398e+00
2.155000000000000000e+03 1.230162858963012695e+00
2.156000000000000000e+03 1.244213581085205078e+00
2.157000000000000000e+03 1.220022320747375488e+00
2.158000000000000000e+03 1.230144500732421875e+00
2.159000000000000000e+03 1.252918720245361328e+00
2.160000000000000000e+03 1.241463661193847656e+00
2.161000000000000000e+03 1.238195538520812988e+00
2.162000000000000000e+03 1.227921605110168457e+00
2.163000000000000000e+03 1.222194910049438477e+00
2.164000000000000000e+03 1.233807086944580078e+00
2.165000000000000000e+03 1.214817166328430176e+00
2.166000000000000000e+03 1.241703867912292480e+00
2.167000000000000000e+03 1.227945089340209961e+00
2.168000000000000000e+03 1.233748912811279297e+00
2.169000000000000000e+03 1.209356904029846191e+00
2.170000000000000000e+03 1.212870001792907715e+00
2.171000000000000000e+03 1.237724781036376953e+00
2.172000000000000000e+03 1.218788266181945801e+00
2.173000000000000000e+03 1.238279700279235840e+00
2.174000000000000000e+03 1.230472683906555176e+00
2.175000000000000000e+03 1.220339059829711914e+00
2.176000000000000000e+03 1.231275439262390137e+00
2.177000000000000000e+03 1.223425865173339844e+00
2.178000000000000000e+03 1.223524093627929688e+00
2.179000000000000000e+03 1.215125083923339844e+00
2.180000000000000000e+03 1.246506810188293457e+00
2.181000000000000000e+03 1.233258008956909180e+00
2.182000000000000000e+03 1.251974105834960938e+00
2.183000000000000000e+03 1.244180321693420410e+00
2.184000000000000000e+03 1.208425760269165039e+00
2.185000000000000000e+03 1.236761331558227539e+00
2.186000000000000000e+03 1.227130413055419922e+00
2.187000000000000000e+03 1.224163293838500977e+00
2.188000000000000000e+03 1.242497563362121582e+00
2.189000000000000000e+03 1.262058615684509277e+00
2.190000000000000000e+03 1.267814874649047852e+00
2.191000000000000000e+03 1.270010948181152344e+00
2.192000000000000000e+03 1.257167100906372070e+00
2.193000000000000000e+03 1.246878385543823242e+00
2.194000000000000000e+03 1.222595691680908203e+00
2.195000000000000000e+03 1.240380167961120605e+00
2.196000000000000000e+03 1.227022886276245117e+00
2.197000000000000000e+03 1.219933032989501953e+00
2.198000000000000000e+03 1.231197595596313477e+00
2.199000000000000000e+03 1.246419787406921387e+00
2.200000000000000000e+03 1.275487184524536133e+00
2.201000000000000000e+03 1.236591935157775879e+00
2.202000000000000000e+03 1.260104656219482422e+00
2.203000000000000000e+03 1.233262062072753906e+00
2.204000000000000000e+03 1.208445191383361816e+00
2.205000000000000000e+03 1.215299487113952637e+00
2.206000000000000000e+03 1.227540731430053711e+00
2.207000000000000000e+03 1.252375960350036621e+00
2.208000000000000000e+03 1.274306297302246094e+00
2.209000000000000000e+03 1.247289896011352539e+00
2.210000000000000000e+03 1.261673212051391602e+00
2.211000000000000000e+03 1.271021604537963867e+00
2.212000000000000000e+03 1.227158069610595703e+00
2.213000000000000000e+03 1.234711050987243652e+00
2.214000000000000000e+03 1.248082399368286133e+00
2.215000000000000000e+03 1.240973711013793945e+00
2.216000000000000000e+03 1.281071901321411133e+00
2.217000000000000000e+03 1.325890541076660156e+00
2.218000000000000000e+03 1.258584499359130859e+00
2.219000000000000000e+03 1.302243232727050781e+00
2.220000000000000000e+03 1.225467562675476074e+00
2.221000000000000000e+03 1.246496081352233887e+00
2.222000000000000000e+03 1.245861172676086426e+00
2.223000000000000000e+03 1.231129169464111328e+00
2.224000000000000000e+03 1.262004971504211426e+00
2.225000000000000000e+03 1.263850927352905273e+00
2.226000000000000000e+03 1.245252013206481934e+00
2.227000000000000000e+03 1.217413067817687988e+00
2.228000000000000000e+03 1.213200449943542480e+00
2.229000000000000000e+03 1.223150849342346191e+00
2.230000000000000000e+03 1.214676022529602051e+00
2.231000000000000000e+03 1.228991866111755371e+00
2.232000000000000000e+03 1.240732789039611816e+00
2.233000000000000000e+03 1.225532770156860352e+00
2.234000000000000000e+03 1.213024854660034180e+00
2.235000000000000000e+03 1.211669445037841797e+00
2.236000000000000000e+03 1.238247036933898926e+00
2.237000000000000000e+03 1.249234437942504883e+00
2.238000000000000000e+03 1.275008320808410645e+00
2.239000000000000000e+03 1.209904909133911133e+00
2.240000000000000000e+03 1.229361414909362793e+00
2.241000000000000000e+03 1.243003368377685547e+00
2.242000000000000000e+03 1.248657941818237305e+00
2.243000000000000000e+03 1.233789443969726562e+00
2.244000000000000000e+03 1.241352558135986328e+00
2.245000000000000000e+03 1.236641407012939453e+00
2.246000000000000000e+03 1.260419487953186035e+00
2.247000000000000000e+03 1.272512555122375488e+00
2.248000000000000000e+03 1.220054626464843750e+00
2.249000000000000000e+03 1.239610671997070312e+00
2.250000000000000000e+03 1.249256372451782227e+00
2.251000000000000000e+03 1.240417361259460449e+00
2.252000000000000000e+03 1.229392766952514648e+00
2.253000000000000000e+03 1.227593064308166504e+00
2.254000000000000000e+03 1.227662205696105957e+00
2.255000000000000000e+03 1.241534590721130371e+00
2.256000000000000000e+03 1.245117068290710449e+00
2.257000000000000000e+03 1.264497995376586914e+00
2.258000000000000000e+03 1.266445517539978027e+00
2.259000000000000000e+03 1.246446371078491211e+00
2.260000000000000000e+03 1.278278589248657227e+00
2.261000000000000000e+03 1.227989792823791504e+00
2.262000000000000000e+03 1.241118550300598145e+00
2.263000000000000000e+03 1.239774703979492188e+00
2.264000000000000000e+03 1.241315603256225586e+00
2.265000000000000000e+03 1.247614860534667969e+00
2.266000000000000000e+03 1.262718915939331055e+00
2.267000000000000000e+03 1.249270915985107422e+00
2.268000000000000000e+03 1.211621284484863281e+00
2.269000000000000000e+03 1.225282073020935059e+00
2.270000000000000000e+03 1.201694965362548828e+00
2.271000000000000000e+03 1.224052429199218750e+00
2.272000000000000000e+03 1.242105603218078613e+00
2.273000000000000000e+03 1.247951984405517578e+00
2.274000000000000000e+03 1.235431194305419922e+00
2.275000000000000000e+03 1.255664348602294922e+00
2.276000000000000000e+03 1.237357974052429199e+00
2.277000000000000000e+03 1.219864010810852051e+00
2.278000000000000000e+03 1.225975155830383301e+00
2.279000000000000000e+03 1.210386276245117188e+00
2.280000000000000000e+03 1.192593455314636230e+00
2.281000000000000000e+03 1.214101910591125488e+00
2.282000000000000000e+03 1.211668252944946289e+00
2.283000000000000000e+03 1.197927474975585938e+00
2.284000000000000000e+03 1.218572020530700684e+00
2.285000000000000000e+03 1.222672581672668457e+00
2.286000000000000000e+03 1.231723189353942871e+00
2.287000000000000000e+03 1.271389722824096680e+00
2.288000000000000000e+03 1.261957645416259766e+00
2.289000000000000000e+03 1.244897723197937012e+00
2.290000000000000000e+03 1.270370960235595703e+00
2.291000000000000000e+03 1.247583270072937012e+00
2.292000000000000000e+03 1.226706981658935547e+00
2.293000000000000000e+03 1.236451148986816406e+00
2.294000000000000000e+03 1.207500457763671875e+00
2.295000000000000000e+03 1.197873950004577637e+00
2.296000000000000000e+03 1.239387512207031250e+00
2.297000000000000000e+03 1.237768411636352539e+00
2.298000000000000000e+03 1.264100313186645508e+00
2.299000000000000000e+03 1.217385292053222656e+00
2.300000000000000000e+03 1.265216469764709473e+00
2.301000000000000000e+03 1.219031691551208496e+00
2.302000000000000000e+03 1.234399557113647461e+00
2.303000000000000000e+03 1.232827425003051758e+00
2.304000000000000000e+03 1.253547668457031250e+00
2.305000000000000000e+03 1.273130297660827637e+00
2.306000000000000000e+03 1.282041311264038086e+00
2.307000000000000000e+03 1.207263231277465820e+00
2.308000000000000000e+03 1.248492240905761719e+00
2.309000000000000000e+03 1.246906876564025879e+00
2.310000000000000000e+03 1.216939806938171387e+00
2.311000000000000000e+03 1.234041690826416016e+00
2.312000000000000000e+03 1.202510714530944824e+00
2.313000000000000000e+03 1.221484184265136719e+00
2.314000000000000000e+03 1.226801395416259766e+00
2.315000000000000000e+03 1.204689741134643555e+00
2.316000000000000000e+03 1.218727469444274902e+00
2.317000000000000000e+03 1.212036132812500000e+00
2.318000000000000000e+03 1.207817673683166504e+00
2.319000000000000000e+03 1.219763636589050293e+00
2.320000000000000000e+03 1.242796540260314941e+00
2.321000000000000000e+03 1.245429992675781250e+00
2.322000000000000000e+03 1.218324780464172363e+00
2.323000000000000000e+03 1.243753910064697266e+00
2.324000000000000000e+03 1.206827878952026367e+00
2.325000000000000000e+03 1.224626064300537109e+00
2.326000000000000000e+03 1.225458383560180664e+00
2.327000000000000000e+03 1.250029921531677246e+00
2.328000000000000000e+03 1.221595048904418945e+00
2.329000000000000000e+03 1.232597947120666504e+00
2.330000000000000000e+03 1.238624095916748047e+00
2.331000000000000000e+03 1.232160091400146484e+00
2.332000000000000000e+03 1.213355779647827148e+00
2.333000000000000000e+03 1.232387423515319824e+00
2.334000000000000000e+03 1.221610784530639648e+00
2.335000000000000000e+03 1.225188136100769043e+00
2.336000000000000000e+03 1.212719082832336426e+00
2.337000000000000000e+03 1.218075513839721680e+00
2.338000000000000000e+03 1.243200182914733887e+00
2.339000000000000000e+03 1.223755836486816406e+00
2.340000000000000000e+03 1.212474703788757324e+00
2.341000000000000000e+03 1.190897703170776367e+00
2.342000000000000000e+03 1.186852693557739258e+00
2.343000000000000000e+03 1.226108312606811523e+00
2.344000000000000000e+03 1.220600485801696777e+00
2.345000000000000000e+03 1.234437346458435059e+00
2.346000000000000000e+03 1.195745468139648438e+00
2.347000000000000000e+03 1.228896260261535645e+00
2.348000000000000000e+03 1.247723340988159180e+00
2.349000000000000000e+03 1.235291361808776855e+00
2.350000000000000000e+03 1.233189463615417480e+00
2.351000000000000000e+03 1.240491032600402832e+00
2.352000000000000000e+03 1.201564431190490723e+00
2.353000000000000000e+03 1.208394050598144531e+00
2.354000000000000000e+03 1.220346331596374512e+00
2.355000000000000000e+03 1.202818155288696289e+00
2.356000000000000000e+03 1.221480846405029297e+00
2.357000000000000000e+03 1.243373990058898926e+00
2.358000000000000000e+03 1.241662144660949707e+00
2.359000000000000000e+03 1.210855126380920410e+00
2.360000000000000000e+03 1.187258720397949219e+00
2.361000000000000000e+03 1.234682321548461914e+00
2.362000000000000000e+03 1.204137325286865234e+00
2.363000000000000000e+03 1.204265713691711426e+00
2.364000000000000000e+03 1.241320252418518066e+00
2.365000000000000000e+03 1.241841077804565430e+00
2.366000000000000000e+03 1.198583960533142090e+00
2.367000000000000000e+03 1.198118925094604492e+00
2.368000000000000000e+03 1.207820892333984375e+00
2.369000000000000000e+03 1.209569215774536133e+00
2.370000000000000000e+03 1.197340488433837891e+00
2.371000000000000000e+03 1.270590066909790039e+00
2.372000000000000000e+03 1.244352817535400391e+00
2.373000000000000000e+03 1.230218887329101562e+00
2.374000000000000000e+03 1.250556826591491699e+00
2.375000000000000000e+03 1.240194678306579590e+00
2.376000000000000000e+03 1.260768413543701172e+00
2.377000000000000000e+03 1.269580602645874023e+00
2.378000000000000000e+03 1.264035701751708984e+00
2.379000000000000000e+03 1.267105460166931152e+00
2.380000000000000000e+03 1.274166584014892578e+00
2.381000000000000000e+03 1.260991930961608887e+00
2.382000000000000000e+03 1.297119855880737305e+00
2.383000000000000000e+03 1.283130049705505371e+00
2.384000000000000000e+03 1.264670014381408691e+00
2.385000000000000000e+03 1.276226639747619629e+00
2.386000000000000000e+03 1.274824619293212891e+00
2.387000000000000000e+03 1.281740427017211914e+00
2.388000000000000000e+03 1.323080539703369141e+00
2.389000000000000000e+03 1.287053585052490234e+00
2.390000000000000000e+03 1.281760692596435547e+00
2.391000000000000000e+03 1.281278133392333984e+00
2.392000000000000000e+03 1.265628695487976074e+00
2.393000000000000000e+03 1.253329992294311523e+00
2.394000000000000000e+03 1.256923317909240723e+00
2.395000000000000000e+03 1.235937476158142090e+00
2.396000000000000000e+03 1.227329492568969727e+00
2.397000000000000000e+03 1.242974638938903809e+00
2.398000000000000000e+03 1.247641086578369141e+00
2.399000000000000000e+03 1.243249893188476562e+00
2.400000000000000000e+03 1.256840586662292480e+00
2.401000000000000000e+03 1.232329607009887695e+00
2.402000000000000000e+03 1.222539782524108887e+00
2.403000000000000000e+03 1.208735227584838867e+00
2.404000000000000000e+03 1.192683458328247070e+00
2.405000000000000000e+03 1.222302198410034180e+00
2.406000000000000000e+03 1.220311164855957031e+00
2.407000000000000000e+03 1.203962922096252441e+00
2.408000000000000000e+03 1.196122884750366211e+00
2.409000000000000000e+03 1.198956251144409180e+00
2.410000000000000000e+03 1.245666980743408203e+00
2.411000000000000000e+03 1.277835130691528320e+00
2.412000000000000000e+03 1.262285232543945312e+00
2.413000000000000000e+03 1.261136531829833984e+00
2.414000000000000000e+03 1.245826840400695801e+00
2.415000000000000000e+03 1.237696051597595215e+00
2.416000000000000000e+03 1.233194828033447266e+00
2.417000000000000000e+03 1.215747594833374023e+00
2.418000000000000000e+03 1.202448129653930664e+00
2.419000000000000000e+03 1.232212543487548828e+00
2.420000000000000000e+03 1.236498951911926270e+00
2.421000000000000000e+03 1.216340422630310059e+00
2.422000000000000000e+03 1.236985206604003906e+00
2.423000000000000000e+03 1.265058755874633789e+00
2.424000000000000000e+03 1.234480857849121094e+00
2.425000000000000000e+03 1.251705884933471680e+00
2.426000000000000000e+03 1.229798197746276855e+00
2.427000000000000000e+03 1.228151559829711914e+00
2.428000000000000000e+03 1.259545087814331055e+00
2.429000000000000000e+03 1.215599417686462402e+00
2.430000000000000000e+03 1.244063377380371094e+00
2.431000000000000000e+03 1.248133659362792969e+00
2.432000000000000000e+03 1.255202174186706543e+00
2.433000000000000000e+03 1.276763677597045898e+00
2.434000000000000000e+03 1.264477729797363281e+00
2.435000000000000000e+03 1.274580240249633789e+00
2.436000000000000000e+03 1.276009082794189453e+00
2.437000000000000000e+03 1.263346076011657715e+00
2.438000000000000000e+03 1.278679609298706055e+00
2.439000000000000000e+03 1.277626276016235352e+00
2.440000000000000000e+03 1.285857081413269043e+00
2.441000000000000000e+03 1.257596611976623535e+00
2.442000000000000000e+03 1.212394475936889648e+00
2.443000000000000000e+03 1.270577192306518555e+00
2.444000000000000000e+03 1.269012212753295898e+00
2.445000000000000000e+03 1.242975711822509766e+00
2.446000000000000000e+03 1.217314243316650391e+00
2.447000000000000000e+03 1.233386278152465820e+00
2.448000000000000000e+03 1.236039757728576660e+00
2.449000000000000000e+03 1.218761801719665527e+00
2.450000000000000000e+03 1.256579518318176270e+00
2.451000000000000000e+03 1.225514411926269531e+00
2.452000000000000000e+03 1.252598285675048828e+00
2.453000000000000000e+03 1.247666835784912109e+00
2.454000000000000000e+03 1.220454931259155273e+00
2.455000000000000000e+03 1.223844408988952637e+00
2.456000000000000000e+03 1.231685042381286621e+00
2.457000000000000000e+03 1.224763154983520508e+00
2.458000000000000000e+03 1.201641321182250977e+00
2.459000000000000000e+03 1.254103302955627441e+00
2.460000000000000000e+03 1.262374043464660645e+00
2.461000000000000000e+03 1.201656818389892578e+00
2.462000000000000000e+03 1.255820989608764648e+00
2.463000000000000000e+03 1.280745983123779297e+00
2.464000000000000000e+03 1.225672721862792969e+00
2.465000000000000000e+03 1.257870078086853027e+00
2.466000000000000000e+03 1.198271989822387695e+00
2.467000000000000000e+03 1.220132708549499512e+00
2.468000000000000000e+03 1.215812683105468750e+00
2.469000000000000000e+03 1.228465318679809570e+00
2.470000000000000000e+03 1.222684741020202637e+00
2.471000000000000000e+03 1.222252011299133301e+00
2.472000000000000000e+03 1.221593618392944336e+00
2.473000000000000000e+03 1.225040793418884277e+00
2.474000000000000000e+03 1.213683009147644043e+00
2.475000000000000000e+03 1.218381404876708984e+00
2.476000000000000000e+03 1.212316632270812988e+00
2.477000000000000000e+03 1.222491145133972168e+00
2.478000000000000000e+03 1.205704212188720703e+00
2.479000000000000000e+03 1.230539441108703613e+00
2.480000000000000000e+03 1.235781669616699219e+00
2.481000000000000000e+03 1.216484069824218750e+00
2.482000000000000000e+03 1.218527317047119141e+00
2.483000000000000000e+03 1.248033046722412109e+00
2.484000000000000000e+03 1.250301122665405273e+00
2.485000000000000000e+03 1.284839391708374023e+00
2.486000000000000000e+03 1.266880035400390625e+00
2.487000000000000000e+03 1.234456658363342285e+00
2.488000000000000000e+03 1.240975141525268555e+00
2.489000000000000000e+03 1.258745431900024414e+00
2.490000000000000000e+03 1.215879201889038086e+00
2.491000000000000000e+03 1.219705104827880859e+00
2.492000000000000000e+03 1.222885966300964355e+00
2.493000000000000000e+03 1.265885233879089355e+00
2.494000000000000000e+03 1.246055722236633301e+00
2.495000000000000000e+03 1.225285291671752930e+00
2.496000000000000000e+03 1.230521559715270996e+00
2.497000000000000000e+03 1.239508152008056641e+00
2.498000000000000000e+03 1.213802576065063477e+00
2.499000000000000000e+03 1.221717715263366699e+00
2.500000000000000000e+03 1.250319957733154297e+00
2.501000000000000000e+03 1.221069097518920898e+00
2.502000000000000000e+03 1.206033110618591309e+00
2.503000000000000000e+03 1.192116618156433105e+00
2.504000000000000000e+03 1.212182402610778809e+00
2.505000000000000000e+03 1.205139875411987305e+00
2.506000000000000000e+03 1.217775821685791016e+00
2.507000000000000000e+03 1.212567329406738281e+00
2.508000000000000000e+03 1.193150877952575684e+00
2.509000000000000000e+03 1.238519191741943359e+00
2.510000000000000000e+03 1.212967634201049805e+00
2.511000000000000000e+03 1.215671539306640625e+00
2.512000000000000000e+03 1.244426727294921875e+00
2.513000000000000000e+03 1.214061617851257324e+00
2.514000000000000000e+03 1.225395083427429199e+00
2.515000000000000000e+03 1.213284850120544434e+00
2.516000000000000000e+03 1.203153848648071289e+00
2.517000000000000000e+03 1.205945849418640137e+00
2.518000000000000000e+03 1.196308493614196777e+00
2.519000000000000000e+03 1.204896450042724609e+00
2.520000000000000000e+03 1.214256763458251953e+00
2.521000000000000000e+03 1.227082490921020508e+00
2.522000000000000000e+03 1.226971387863159180e+00
2.523000000000000000e+03 1.237673044204711914e+00
2.524000000000000000e+03 1.223312258720397949e+00
2.525000000000000000e+03 1.250994682312011719e+00
2.526000000000000000e+03 1.254894852638244629e+00
2.527000000000000000e+03 1.244169235229492188e+00
2.528000000000000000e+03 1.208624362945556641e+00
2.529000000000000000e+03 1.215386867523193359e+00
2.530000000000000000e+03 1.239470481872558594e+00
2.531000000000000000e+03 1.247485399246215820e+00
2.532000000000000000e+03 1.227264046669006348e+00
2.533000000000000000e+03 1.199224233627319336e+00
2.534000000000000000e+03 1.208339929580688477e+00
2.535000000000000000e+03 1.216815114021301270e+00
2.536000000000000000e+03 1.241450309753417969e+00
2.537000000000000000e+03 1.212966680526733398e+00
2.538000000000000000e+03 1.207774519920349121e+00
2.539000000000000000e+03 1.224871873855590820e+00
2.540000000000000000e+03 1.235152721405029297e+00
2.541000000000000000e+03 1.229260921478271484e+00
2.542000000000000000e+03 1.226860046386718750e+00
2.543000000000000000e+03 1.232878088951110840e+00
2.544000000000000000e+03 1.236308336257934570e+00
2.545000000000000000e+03 1.213379502296447754e+00
2.546000000000000000e+03 1.194428563117980957e+00
2.547000000000000000e+03 1.215506315231323242e+00
2.548000000000000000e+03 1.224666595458984375e+00
2.549000000000000000e+03 1.203199982643127441e+00
2.550000000000000000e+03 1.214874148368835449e+00
2.551000000000000000e+03 1.204786062240600586e+00
2.552000000000000000e+03 1.205240249633789062e+00
2.553000000000000000e+03 1.217472791671752930e+00
2.554000000000000000e+03 1.239153861999511719e+00
2.555000000000000000e+03 1.225525140762329102e+00
2.556000000000000000e+03 1.211809515953063965e+00
2.557000000000000000e+03 1.209867119789123535e+00
2.558000000000000000e+03 1.198236227035522461e+00
2.559000000000000000e+03 1.231534242630004883e+00
2.560000000000000000e+03 1.195294857025146484e+00
2.561000000000000000e+03 1.221322536468505859e+00
2.562000000000000000e+03 1.249629259109497070e+00
2.563000000000000000e+03 1.227291464805603027e+00
2.564000000000000000e+03 1.205788969993591309e+00
2.565000000000000000e+03 1.215069770812988281e+00
2.566000000000000000e+03 1.209663152694702148e+00
2.567000000000000000e+03 1.222618460655212402e+00
2.568000000000000000e+03 1.218555569648742676e+00
2.569000000000000000e+03 1.223713636398315430e+00
2.570000000000000000e+03 1.226804494857788086e+00
2.571000000000000000e+03 1.215198993682861328e+00
2.572000000000000000e+03 1.209505796432495117e+00
2.573000000000000000e+03 1.217371225357055664e+00
2.574000000000000000e+03 1.239951729774475098e+00
2.575000000000000000e+03 1.276638269424438477e+00
2.576000000000000000e+03 1.235780239105224609e+00
2.577000000000000000e+03 1.187181353569030762e+00
2.578000000000000000e+03 1.220150589942932129e+00
2.579000000000000000e+03 1.204065322875976562e+00
2.580000000000000000e+03 1.181536078453063965e+00
2.581000000000000000e+03 1.205010294914245605e+00
2.582000000000000000e+03 1.219884872436523438e+00
2.583000000000000000e+03 1.211530685424804688e+00
2.584000000000000000e+03 1.232934713363647461e+00
2.585000000000000000e+03 1.186654448509216309e+00
2.586000000000000000e+03 1.225335836410522461e+00
2.587000000000000000e+03 1.212085008621215820e+00
2.588000000000000000e+03 1.209085464477539062e+00
2.589000000000000000e+03 1.240861415863037109e+00
2.590000000000000000e+03 1.188404798507690430e+00
2.591000000000000000e+03 1.198049068450927734e+00
2.592000000000000000e+03 1.218675851821899414e+00
2.593000000000000000e+03 1.201527118682861328e+00
2.594000000000000000e+03 1.187118530273437500e+00
2.595000000000000000e+03 1.202768683433532715e+00
2.596000000000000000e+03 1.230298042297363281e+00
2.597000000000000000e+03 1.225287199020385742e+00
2.598000000000000000e+03 1.211945056915283203e+00
2.599000000000000000e+03 1.222215175628662109e+00
2.600000000000000000e+03 1.196645498275756836e+00
2.601000000000000000e+03 1.191703915596008301e+00
2.602000000000000000e+03 1.183880329132080078e+00
2.603000000000000000e+03 1.165404319763183594e+00
2.604000000000000000e+03 1.198624968528747559e+00
2.605000000000000000e+03 1.218779802322387695e+00
2.606000000000000000e+03 1.206338644027709961e+00
2.607000000000000000e+03 1.212126135826110840e+00
2.608000000000000000e+03 1.165710210800170898e+00
2.609000000000000000e+03 1.233317971229553223e+00
2.610000000000000000e+03 1.209147453308105469e+00
2.611000000000000000e+03 1.207474708557128906e+00
2.612000000000000000e+03 1.239578127861022949e+00
2.613000000000000000e+03 1.190549850463867188e+00
2.614000000000000000e+03 1.225075483322143555e+00
2.615000000000000000e+03 1.236364126205444336e+00
2.616000000000000000e+03 1.228576779365539551e+00
2.617000000000000000e+03 1.237910389900207520e+00
2.618000000000000000e+03 1.229560613632202148e+00
2.619000000000000000e+03 1.218018174171447754e+00
2.620000000000000000e+03 1.204658031463623047e+00
2.621000000000000000e+03 1.198190927505493164e+00
2.622000000000000000e+03 1.214439392089843750e+00
2.623000000000000000e+03 1.227715492248535156e+00
2.624000000000000000e+03 1.215891599655151367e+00
2.625000000000000000e+03 1.212137818336486816e+00
2.626000000000000000e+03 1.235674262046813965e+00
2.627000000000000000e+03 1.207674264907836914e+00
2.628000000000000000e+03 1.198546409606933594e+00
2.629000000000000000e+03 1.232290625572204590e+00
2.630000000000000000e+03 1.232619524002075195e+00
2.631000000000000000e+03 1.226554036140441895e+00
2.632000000000000000e+03 1.208338022232055664e+00
2.633000000000000000e+03 1.241806626319885254e+00
2.634000000000000000e+03 1.219464540481567383e+00
2.635000000000000000e+03 1.217333316802978516e+00
2.636000000000000000e+03 1.218968868255615234e+00
2.637000000000000000e+03 1.199283599853515625e+00
2.638000000000000000e+03 1.223857045173645020e+00
2.639000000000000000e+03 1.195254564285278320e+00
2.640000000000000000e+03 1.188809275627136230e+00
2.641000000000000000e+03 1.193677306175231934e+00
2.642000000000000000e+03 1.220668792724609375e+00
2.643000000000000000e+03 1.195234537124633789e+00
2.644000000000000000e+03 1.238363265991210938e+00
2.645000000000000000e+03 1.237804532051086426e+00
2.646000000000000000e+03 1.231022357940673828e+00
2.647000000000000000e+03 1.236788272857666016e+00
2.648000000000000000e+03 1.203630208969116211e+00
2.649000000000000000e+03 1.234423756599426270e+00
2.650000000000000000e+03 1.194556236267089844e+00
2.651000000000000000e+03 1.204424858093261719e+00
2.652000000000000000e+03 1.198242306709289551e+00
2.653000000000000000e+03 1.228073716163635254e+00
2.654000000000000000e+03 1.203222513198852539e+00
2.655000000000000000e+03 1.206516265869140625e+00
2.656000000000000000e+03 1.226162433624267578e+00
2.657000000000000000e+03 1.228148698806762695e+00
2.658000000000000000e+03 1.216447830200195312e+00
2.659000000000000000e+03 1.232154369354248047e+00
2.660000000000000000e+03 1.206924200057983398e+00
2.661000000000000000e+03 1.214821934700012207e+00
2.662000000000000000e+03 1.208383202552795410e+00
2.663000000000000000e+03 1.201850175857543945e+00
2.664000000000000000e+03 1.211814165115356445e+00
2.665000000000000000e+03 1.227340698242187500e+00
2.666000000000000000e+03 1.241998314857482910e+00
2.667000000000000000e+03 1.231055736541748047e+00
2.668000000000000000e+03 1.219486474990844727e+00
2.669000000000000000e+03 1.236580133438110352e+00
2.670000000000000000e+03 1.263649225234985352e+00
2.671000000000000000e+03 1.239073514938354492e+00
2.672000000000000000e+03 1.203375577926635742e+00
2.673000000000000000e+03 1.207148075103759766e+00
2.674000000000000000e+03 1.213537812232971191e+00
2.675000000000000000e+03 1.160844206809997559e+00
2.676000000000000000e+03 1.203248500823974609e+00
2.677000000000000000e+03 1.182507753372192383e+00
2.678000000000000000e+03 1.205280303955078125e+00
2.679000000000000000e+03 1.181971549987792969e+00
2.680000000000000000e+03 1.216564655303955078e+00
2.681000000000000000e+03 1.223401069641113281e+00
2.682000000000000000e+03 1.254228472709655762e+00
2.683000000000000000e+03 1.233262419700622559e+00
2.684000000000000000e+03 1.227654695510864258e+00
2.685000000000000000e+03 1.226874113082885742e+00
2.686000000000000000e+03 1.210671424865722656e+00
2.687000000000000000e+03 1.224798679351806641e+00
2.688000000000000000e+03 1.252378582954406738e+00
2.689000000000000000e+03 1.233424425125122070e+00
2.690000000000000000e+03 1.238248944282531738e+00
2.691000000000000000e+03 1.214416027069091797e+00
2.692000000000000000e+03 1.239108800888061523e+00
2.693000000000000000e+03 1.215902209281921387e+00
2.694000000000000000e+03 1.235241293907165527e+00
2.695000000000000000e+03 1.225289583206176758e+00
2.696000000000000000e+03 1.229885339736938477e+00
2.697000000000000000e+03 1.306416511535644531e+00
2.698000000000000000e+03 1.232198834419250488e+00
2.699000000000000000e+03 1.229740738868713379e+00
2.700000000000000000e+03 1.245210289955139160e+00
2.701000000000000000e+03 1.251254677772521973e+00
2.702000000000000000e+03 1.225421428680419922e+00
2.703000000000000000e+03 1.264812231063842773e+00
2.704000000000000000e+03 1.281811952590942383e+00
2.705000000000000000e+03 1.191990256309509277e+00
2.706000000000000000e+03 1.215920925140380859e+00
2.707000000000000000e+03 1.257641315460205078e+00
2.708000000000000000e+03 1.268924593925476074e+00
2.709000000000000000e+03 1.271571755409240723e+00
2.710000000000000000e+03 1.242206931114196777e+00
2.711000000000000000e+03 1.244995355606079102e+00
2.712000000000000000e+03 1.271272182464599609e+00
2.713000000000000000e+03 1.237223744392395020e+00
2.714000000000000000e+03 1.234333038330078125e+00
2.715000000000000000e+03 1.219956398010253906e+00
2.716000000000000000e+03 1.212905764579772949e+00
2.717000000000000000e+03 1.244887590408325195e+00
2.718000000000000000e+03 1.247797966003417969e+00
2.719000000000000000e+03 1.260198473930358887e+00
2.720000000000000000e+03 1.204967856407165527e+00
2.721000000000000000e+03 1.239077210426330566e+00
2.722000000000000000e+03 1.225203990936279297e+00
2.723000000000000000e+03 1.225661039352416992e+00
2.724000000000000000e+03 1.257244825363159180e+00
2.725000000000000000e+03 1.243306636810302734e+00
2.726000000000000000e+03 1.268700599670410156e+00
2.727000000000000000e+03 1.261549234390258789e+00
2.728000000000000000e+03 1.231952905654907227e+00
2.729000000000000000e+03 1.192906737327575684e+00
2.730000000000000000e+03 1.274990320205688477e+00
2.731000000000000000e+03 1.212200522422790527e+00
2.732000000000000000e+03 1.210077881813049316e+00
2.733000000000000000e+03 1.214157700538635254e+00
2.734000000000000000e+03 1.234293937683105469e+00
2.735000000000000000e+03 1.223331212997436523e+00
2.736000000000000000e+03 1.245773673057556152e+00
2.737000000000000000e+03 1.232777595520019531e+00
2.738000000000000000e+03 1.231325984001159668e+00
2.739000000000000000e+03 1.262590765953063965e+00
2.740000000000000000e+03 1.254717350006103516e+00
2.741000000000000000e+03 1.240133643150329590e+00
2.742000000000000000e+03 1.208984613418579102e+00
2.743000000000000000e+03 1.242742300033569336e+00
2.744000000000000000e+03 1.233970403671264648e+00
2.745000000000000000e+03 1.267611503601074219e+00
2.746000000000000000e+03 1.252404808998107910e+00
2.747000000000000000e+03 1.266133189201354980e+00
2.748000000000000000e+03 1.245750546455383301e+00
2.749000000000000000e+03 1.284888744354248047e+00
2.750000000000000000e+03 1.266980171203613281e+00
2.751000000000000000e+03 1.228166818618774414e+00
2.752000000000000000e+03 1.258991599082946777e+00
2.753000000000000000e+03 1.235529422760009766e+00
2.754000000000000000e+03 1.242302656173706055e+00
2.755000000000000000e+03 1.245363950729370117e+00
2.756000000000000000e+03 1.266023159027099609e+00
2.757000000000000000e+03 1.245335817337036133e+00
2.758000000000000000e+03 1.215671062469482422e+00
2.759000000000000000e+03 1.243183016777038574e+00
2.760000000000000000e+03 1.282479643821716309e+00
2.761000000000000000e+03 1.232539296150207520e+00
2.762000000000000000e+03 1.269228696823120117e+00
2.763000000000000000e+03 1.222769141197204590e+00
2.764000000000000000e+03 1.245195150375366211e+00
2.765000000000000000e+03 1.250313282012939453e+00
2.766000000000000000e+03 1.240486264228820801e+00
2.767000000000000000e+03 1.212846040725708008e+00
2.768000000000000000e+03 1.230455756187438965e+00
2.769000000000000000e+03 1.247242927551269531e+00
2.770000000000000000e+03 1.279444217681884766e+00
2.771000000000000000e+03 1.251551866531372070e+00
2.772000000000000000e+03 1.236475944519042969e+00
2.773000000000000000e+03 1.232784986495971680e+00
2.774000000000000000e+03 1.240591168403625488e+00
2.775000000000000000e+03 1.291937351226806641e+00
2.776000000000000000e+03 1.242949724197387695e+00
2.777000000000000000e+03 1.249820828437805176e+00
2.778000000000000000e+03 1.242274045944213867e+00
2.779000000000000000e+03 1.240851879119873047e+00
2.780000000000000000e+03 1.234675645828247070e+00
2.781000000000000000e+03 1.210298776626586914e+00
2.782000000000000000e+03 1.193365573883056641e+00
2.783000000000000000e+03 1.193194866180419922e+00
2.784000000000000000e+03 1.222351312637329102e+00
2.785000000000000000e+03 1.201553821563720703e+00
2.786000000000000000e+03 1.188373327255249023e+00
2.787000000000000000e+03 1.195637226104736328e+00
2.788000000000000000e+03 1.188806295394897461e+00
2.789000000000000000e+03 1.225139856338500977e+00
2.790000000000000000e+03 1.264944672584533691e+00
2.791000000000000000e+03 1.224602222442626953e+00
2.792000000000000000e+03 1.220804214477539062e+00
2.793000000000000000e+03 1.227369546890258789e+00
2.794000000000000000e+03 1.259049534797668457e+00
2.795000000000000000e+03 1.263805866241455078e+00
2.796000000000000000e+03 1.237094759941101074e+00
2.797000000000000000e+03 1.222537994384765625e+00
2.798000000000000000e+03 1.250262022018432617e+00
2.799000000000000000e+03 1.232448458671569824e+00
2.800000000000000000e+03 1.240081071853637695e+00
2.801000000000000000e+03 1.241264820098876953e+00
2.802000000000000000e+03 1.255856037139892578e+00
2.803000000000000000e+03 1.245273709297180176e+00
2.804000000000000000e+03 1.267918825149536133e+00
2.805000000000000000e+03 1.229051113128662109e+00
2.806000000000000000e+03 1.253203153610229492e+00
2.807000000000000000e+03 1.249962568283081055e+00
2.808000000000000000e+03 1.267601728439331055e+00
2.809000000000000000e+03 1.243698000907897949e+00
2.810000000000000000e+03 1.218043804168701172e+00
2.811000000000000000e+03 1.226862192153930664e+00
2.812000000000000000e+03 1.244430541992187500e+00
2.813000000000000000e+03 1.277333736419677734e+00
2.814000000000000000e+03 1.269949674606323242e+00
2.815000000000000000e+03 1.212975859642028809e+00
2.816000000000000000e+03 1.289661407470703125e+00
2.817000000000000000e+03 1.249840259552001953e+00
2.818000000000000000e+03 1.254732847213745117e+00
2.819000000000000000e+03 1.272995829582214355e+00
2.820000000000000000e+03 1.259070277214050293e+00
2.821000000000000000e+03 1.209682703018188477e+00
2.822000000000000000e+03 1.222409009933471680e+00
2.823000000000000000e+03 1.205035686492919922e+00
2.824000000000000000e+03 1.216994047164916992e+00
2.825000000000000000e+03 1.230684041976928711e+00
2.826000000000000000e+03 1.252170920372009277e+00
2.827000000000000000e+03 1.242039918899536133e+00
2.828000000000000000e+03 1.260660648345947266e+00
2.829000000000000000e+03 1.253412604331970215e+00
2.830000000000000000e+03 1.264301419258117676e+00
2.831000000000000000e+03 1.238423824310302734e+00
2.832000000000000000e+03 1.259951829910278320e+00
2.833000000000000000e+03 1.263225793838500977e+00
2.834000000000000000e+03 1.261785507202148438e+00
2.835000000000000000e+03 1.216869592666625977e+00
2.836000000000000000e+03 1.236270785331726074e+00
2.837000000000000000e+03 1.207188844680786133e+00
2.838000000000000000e+03 1.243058323860168457e+00
2.839000000000000000e+03 1.255512714385986328e+00
2.840000000000000000e+03 1.247052907943725586e+00
